2.918276164700872588e-01 1.332331280804581297e+02
2.507666480007478826e-01 2.904294597914151268e+02
3.841583503946586209e-01 5.033667720582308647e+01
2.318211710126732994e-01 3.477063276264250362e+02
6.270817892048452524e-01 1.465919870145459356e+02
1.362493030686188211e-01 2.372723950231054175e+02
2.449232885274026383e-01 3.287996833532662890e+02
5.943867808740921355e-02 4.606905446868928777e+01
6.848683606922989497e-02 2.326090587277882378e+02
9.349680320990061411e-02 4.747404784649954479e+01
1.826045178123317791e-01 1.456599729334199083e+02
3.275971920209940214e-01 1.679697242657447873e+02
3.064006424117904359e-01 9.928483218460209514e+01
1.664475265314135921e-01 3.596350380829890128e+02
2.078588301321352416e-01 2.212496761791345250e+02
2.500921842328214240e-01 1.484327113669053801e+02
7.080842227662031974e-01 2.440858364369040032e+02
4.507347690264988938e-01 3.239986322232737166e+02
2.615344841653094443e-01 2.605424915125477128e+02
5.104831218770650159e-01 1.032686337462847206e+02
1.055756653015549329e-01 8.277833525281894822e+01
5.502186948444653947e-02 7.556955966470232511e+01
2.926598480354448695e-01 2.164112498961074209e+02
3.530568732315875202e-02 5.458973996010150387e+01
3.642255487014529614e-01 3.447358485712183551e+02
1.389865526656602901e-01 9.022898544118223185e+01
3.038017249886688642e-01 2.728452898749097812e+02
3.749377348433612367e-01 3.591971406946356637e+02
2.684840133439868604e-01 1.482852495487791771e+02
8.223662016814659026e-02 6.054247708995400501e+01
6.932348957744285389e-01 1.805919909162310546e+02
3.394916583817519928e-02 1.089337050550477670e+01
4.834175313867161705e-02 3.400163044134044412e+02
6.830499203932416385e-02 2.429934963609031229e+02
2.067100571238364992e-01 8.146575857411296795e+01
8.186167451656689575e-02 3.154819700943772887e+02
3.843604063771488555e-03 2.071272823716942355e+02
6.780620735941933486e-01 4.794502974802607298e+01
4.588622996165869772e-02 2.117548003003435895e+02
2.006007561590824606e-01 1.222296338375945197e+02
3.078659240073150505e-01 9.717829178452259953e+01
2.996742553407172327e-02 6.126163889757134484e+01
1.099009151324022993e-01 2.466247984583224309e+02
6.494122006913427558e-02 1.692225865415927899e+01
3.404453244694242153e-01 2.754025746461572908e+02
4.995312579165311906e-02 2.966594530264146101e+00
9.741079290821530456e-02 3.003334410305606070e+02
1.430466328688546618e-01 1.391070106714080055e+02
3.077770823675178846e-01 2.545928967727558359e+02
2.604910251147397604e-01 1.352625666804974003e+02
3.593405036129352359e-01 3.401872943585401003e+02
2.436010859831220232e-01 3.901664884747023621e+01
1.601452602339303866e-02 2.492539461269479659e+02
1.377066985071757621e-01 7.436749698862666946e+01
4.824098171558653947e-01 3.280757040042948915e+02
7.037988105387363857e-01 2.408695190615511876e+02
3.720939908335481050e-01 1.235545876663976195e+01
1.220259131463882207e-01 3.549947762470534371e+02
1.970419505191395304e-01 2.645278407470211732e+02
5.738665540972186507e-01 2.373651197619414432e+01
2.486543082448139375e-01 3.338110465505586149e+02
5.047419842160371095e-01 5.405368898063286309e+01
8.595250727242953470e-02 1.429351839575885208e+02
1.157880999940610334e-01 4.026074620620618560e+01
2.145856955328506732e-02 2.603995711308292584e+02
1.538636298199441699e-01 1.846953090222458513e+02
4.361889748099636588e-01 1.729330560571694377e+02
4.488050798940721453e-01 7.906072505043520948e+01
1.458408035871794350e-02 1.377320125087522626e+02
2.832440839454064552e-02 1.451696358763586829e+02
1.907878068532132820e-01 3.422078410267179720e+02
1.100959715633560432e-01 9.056671116449044234e+01
7.505228812415221107e-03 9.474035774599423121e+01
5.954717985843017702e-01 2.107967357503686117e+02
2.944480683002335120e-01 2.506032803575027970e+02
1.007896522842939291e-01 1.671754240946604568e+02
1.720870473626716635e-01 9.526315599629594999e+01
2.336619813002802637e-01 2.283715482429723238e+02
3.011090822601045769e-01 1.313517745200246338e+02
2.813817512893440620e-01 8.469952921061258166e+01
9.132221955350880993e-01 1.017052053277918304e+02
1.428614139438778574e-01 2.127021143096957303e+02
2.755509869298351511e-01 1.282720539478679314e+02
3.313055860179732193e-01 1.255679075005592154e+02
2.252218690026808190e-02 2.812299990522374173e+02
5.995351400926185459e-02 2.746206738004092927e+02
4.782755955120733260e-01 1.631671305914701975e+02
2.426178887140771900e-01 3.621388445116933141e+00
1.891833753552629727e-02 1.890526149556166899e+02
2.990569551633746048e-01 2.795412668461828503e+02
2.002327133916745883e-01 3.498484906065785367e+02
9.102141668149921205e-02 3.176600444257549611e+02
1.126987605091986921e-01 9.816146132031477123e+01
2.405052000774461352e-01 2.912425159359061126e+02
5.059479937725142040e-02 2.201413586106412765e+02
5.031391502566541218e-01 3.596679346525640995e+02
4.180988493564888886e-01 6.260386867848279913e+00
4.893179709802972788e-01 2.778938491577056880e+02
2.803786327159404346e-01 1.386959433252619647e+02
5.997005609180150465e-03 1.967500841540395982e+02
1.999464424649398664e-01 2.245229510882124089e+02
3.837949094646713188e-01 8.600083465554337181e+01
1.552600983010782310e-01 2.537542476091323636e+02
5.861781950342537240e-02 1.126439201681182425e+02
4.105522305658712012e-01 3.502484597858964435e+02
2.377454674341340501e-01 5.064733780739991431e+01
6.453645624258597113e-02 2.226135331463979696e+02
2.690542348208990742e-01 1.066672961718754209e+02
3.434225000415593865e-01 6.541205962337846813e+01
8.028004398991250845e-02 2.891100796186941011e+02
2.489126806338458620e-01 1.380811033627659867e+02
1.123515480513597176e-01 2.467817203697940158e+02
5.790974279956331294e-01 2.481703078757116288e+01
2.276913086116777452e-01 1.947933596546769195e+02
3.972253368015773445e-01 1.563309715034411056e+02
1.184246888624883587e-01 3.393136715212173158e+02
4.009094808976820801e-02 2.564252034611976683e+02
8.270740119399966339e-02 2.110255877062718355e+02
1.395548260995149725e-02 1.177006579420480961e+02
1.831041730707726467e-01 4.181287287603399250e+01
1.586156719464389964e-01 7.401538935095247496e+01
7.658728850680029954e-02 2.900896247184149388e+02
6.675497881214487172e-02 3.228941842730304757e+02
1.770894472483135473e-01 3.270491773079276641e+02
1.853895152998332740e-01 3.470753280724253500e+02
9.743427053289044348e-02 3.581424270518585899e+02
3.271817236076401958e-01 2.347618980002157940e+01
5.127104753204784204e-01 5.560844007719271787e+01
1.521158236913926487e-01 1.560068375527892499e+02
1.171307737963378504e-01 2.522728820917791950e+02
1.234978878411194803e-01 2.746122984862659564e+02
2.612837919273264253e-01 6.730969106217455078e+01
2.491530954353941008e-01 1.943737932862002538e+02
2.888208503518274739e-02 8.377635491657979827e+00
3.437980589005573684e-03 2.742796265975858887e+02
3.793351836177660807e-02 1.875886538849210297e+02
1.757568059183165499e-01 1.341428221527031042e+02
2.249301355235203692e-01 1.975679827070171370e+02
1.215961874542327292e-01 9.662586092928118831e+01
1.234023323464226163e-01 1.048917103339094012e+02
9.452157121505944115e-02 6.561981811503478923e+01
2.850400575439424600e-01 3.350017431697884973e+01
7.338358784809428936e-02 1.681595067038472848e+02
3.753192280674931824e-01 2.479090921687140678e+02
9.372188213591359229e-02 1.449095971768561810e+02
8.602884300556545849e-02 3.262601537463659724e+02
4.931983448185048857e-01 2.821638927552984342e+02
9.189767143104488056e-03 2.309315071363818959e+02
2.148940736312739963e-01 3.529360740358749240e+02
1.741724673862048434e-01 2.769990244777942507e+02
1.084956052779447733e-01 3.512880647282933637e+02
1.444048316999329007e-01 2.863994249675129709e+02
1.059451015532957285e-01 2.528553961485706907e+02
2.567782746775590930e-01 1.756382440412402275e+02
2.489599545854903617e-02 1.757737490500216495e+02
1.064859563005080556e-01 1.433358030455630150e+01
3.431636116395129221e-01 8.697554064863091128e+00
1.862325578905278389e-01 1.037927983201759474e+02
1.964563902208745771e-01 2.487941333390242349e+01
4.650310622107756142e-02 3.017072486953388761e+02
3.828807372087621452e-01 2.158399628094778109e+02
2.993694838038962747e-01 2.424114066848500784e+02
5.314026995412258758e-01 3.285652791869249540e+02
3.814292252066100453e-01 9.554237513783628799e+01
7.956594301291675109e-02 1.120964063358832874e+02
3.249402238172593993e-02 9.635502936650185291e+01
7.326798061409297569e-01 1.794495760201628798e+02
1.484919428039949141e-01 1.363512548610816850e+02
3.359458697698851637e-01 2.322640132944397351e+02
1.556508800207107024e-01 2.083919335160622666e+02
2.501214683084768131e-01 2.462228699020848239e+02
1.343926446104054540e-01 1.274825079074974887e+00
3.559253015276594434e-01 2.740112493172422887e+02
1.360791572346415901e-01 1.018834923768239094e+02
1.994091779833553346e-01 1.677119875263186657e+02
3.645344348181981387e-01 1.113402842590358688e+02
5.616941324244018041e-02 1.163822731431354072e+02
4.606640033686970614e-02 1.471050237068320996e+02
9.692652283621705500e-03 2.969286132380540266e+02
2.153382112906980783e-01 2.311273808060567490e+02
2.961826259524843463e-01 2.309495707371114577e+02
7.491494994192918755e-01 4.155283027532149021e+01
2.376150823865311734e-01 4.844610470929870871e+01
5.050671910273351051e-01 2.554240167621660191e+02
3.712530636591636624e-01 2.484679136540319746e+02
1.132365210234926867e-01 7.980943823679147897e+01
1.026890383196904510e-01 9.188639791251642919e+01
4.749510035446521394e-01 3.572777370797495564e+02
4.270400947608761211e-01 2.913630545925864226e+02
1.203544259490325619e-01 2.527363844252438412e+02
7.163215637728037599e-03 2.655566368173846286e+02
2.037974850798799364e-01 2.578006556624518453e+02
1.693378429288977527e-01 1.087558071785634013e+02
6.187643797170505611e-02 9.415725781694004581e+01
1.565575677109255492e-01 2.801809134348682164e+02
2.728639632763574241e-01 2.936423452739812205e+02
4.797985871796558444e-01 5.682594296485029162e+01
4.282562773506272125e-01 2.132896465991504442e+02
3.207424553767471709e-01 3.947999948224244804e+01
2.747370833955770086e-01 1.764628128605630053e+01
3.173980345201516950e-01 1.861956119902048954e+02
2.468127913300399712e-01 4.111189763327669056e+01
1.159623262613560524e-01 3.549204994327677127e+02
2.170005298386573633e-01 1.593459174179048716e+02
2.241799211222452737e-01 1.132484414356086972e+02
7.638824327957758342e-01 2.617947435422872786e+02
2.937651381226437097e-01 1.975397550309276085e+02
3.041880418862720203e-01 6.713310751642911356e+00
4.570680704689822349e-02 1.053454163724840953e+02
1.712670985878843588e-01 3.387456813658944839e+02
2.461142098097131026e-01 9.261418622113876609e+01
1.867064944167453611e-01 8.718473848316990882e+01
4.029823056185295460e-01 2.332349763294944367e+01
2.595674708989016422e-01 3.171264835324757314e+02
6.694878979034490918e-02 2.258330653294547403e+02
1.248371553506851805e-01 3.433137790958859341e+02
8.799355425792743102e-02 8.022769441959263759e+01
3.650802010051723556e-02 1.672114420467759714e+02
5.857933861252484498e-02 1.816688038398585832e+02
2.373382168688455973e-01 3.041972395588237532e+02
3.599268897813382440e-01 1.921754883423755302e+02
3.506644343493795501e-01 1.622492718569550050e+02
1.438263695436974299e-01 2.264596727654033259e+02
4.586902407703988827e-01 3.307791457564109692e+02
2.833082455935138633e-01 2.311295359097082383e+02
1.431358151111328247e-02 3.203652372183045713e+02
5.827432082788936984e-01 3.028650045594141602e+02
2.312176371813394749e-01 7.949553850989484260e+01
7.604511896195143006e-02 1.830068779378590875e+02
8.897110584954970314e-02 1.104786386447848372e+02
1.946238952687284751e-01 2.266771574764213710e+02
1.808307655857606111e-01 8.260116864234402101e+01
5.045801617651004545e-01 3.288267995854425862e+01
8.155842241714417185e-02 1.776879251248380456e+02
2.446264310555276156e-01 5.908295191448907957e+01
2.612791267955137942e-01 8.684302437078312664e+01
3.811037420693231814e-01 3.406060056689937028e+02
6.534318820313445020e-02 1.503972347140587260e+02
3.237486840240189068e-01 2.633028087695935824e+02
1.514373097227720288e-01 9.160201390530816923e+01
1.195444643451468725e-01 5.152151534936537303e+01
3.931549060987618027e-01 2.028621887570876225e+01
1.423791532846697683e-01 1.366315163622739419e+02
2.213232651912488969e-01 3.400566436640640404e+02
2.505642287157373582e-01 3.051361792901739136e+02
2.157181782170235484e-01 2.014069376944685814e+02
1.387611249585740669e-02 6.110551805857135577e+01
9.564126152880392251e-02 3.175208417589799410e+02
7.624564194175975640e-02 1.230921996562060201e+02
4.444355092574339139e-01 4.664296698494060678e+01
2.430148530837814569e-01 3.366720133954856351e+02
6.350635579234423789e-01 3.458270149371161040e+01
1.140439137488948873e-01 2.641737783530687693e+02
3.329527510804778379e-01 9.966324501130475255e+01
3.114783945407070265e-01 1.358194292613332550e+02
8.353125707778241704e-02 4.212096153384042907e+01
3.487591382951533703e-01 2.062298835753267952e+02
8.786952397087377520e-02 2.597790115845141941e+02
2.113438096575026570e-02 3.110728898258502682e+02
1.378205230969811179e-01 1.362068097805258162e+02
4.483735201800063130e-01 1.369312517087844014e+02
1.621551103272877992e-01 6.868012104819683827e+01
6.130845807502096623e-01 2.221820782405324906e+02
1.345413362691519898e-01 8.977282293784853096e+01
1.178582373503009872e-01 2.576094093846168676e+02
2.706895598418003202e-01 4.919521209650613969e+01
4.210358213404049588e-01 3.026354971859603893e+02
3.756934884287488341e-02 1.653560709571991367e+02
1.264684597017790013e-01 2.465819596578207324e+02
1.542899165000499728e-02 2.115600167701299483e+01
2.925850735665442848e-01 9.814912682105017439e+01
9.025595275194420175e-03 6.384863695784396498e+01
3.663046192883724350e-01 6.389855299688850465e+01
1.673300426239937577e-01 3.505980299409432632e+02
3.029681220648988704e-01 8.387663745747069299e+01
5.045808527829234169e-01 1.220514209260144582e+02
6.564566827256512749e-02 2.705487892747360661e+02
1.959972446004248914e-01 1.998611949871368552e+02
2.075264445836652039e-01 2.383391169154298268e+02
4.275804928597493060e-02 9.462916069985345402e+00
1.782101699520542981e-01 1.078729359224019504e+02
1.568001202895490387e-01 8.148696778895815385e+01
2.586799454358545969e-02 6.511469695675857849e+01
8.501170605599517316e-03 3.585348175549884076e+01
2.693266206177554745e-01 1.602481786231243461e+02
2.197701539190454190e-01 3.515525479732262397e+02
1.287678030419363573e-01 2.440270188525787773e+02
4.100953303135385086e-01 8.643371644049534552e+01
2.730417756458393130e-01 1.917977053337472739e+02
2.512400775387574337e-01 2.640813967288685831e+02
4.872097667959967016e-01 1.602201158217851855e+02
2.010919941675033407e-01 1.903820265697087279e+02
3.763469618895074476e-01 3.136694146767137568e+02
9.897038877354391584e-01 2.277748128681261051e+02
8.356933095949947710e-02 8.013487308857602898e+01
4.927225345415526814e-01 1.316431116181952348e+02
9.446965551565511543e-02 2.043196074654340748e+02
3.224849651102008607e-01 3.182076511882283967e+02
1.413169414415472724e-01 8.797366219089770567e+00
2.510881423460481487e-01 3.167797851789158017e+02
4.887419372956632868e-01 7.503378151715841682e+01
1.974564153439671843e-01 3.156707082382824296e+02
1.962441977840284624e-01 2.800571402553638336e+02
5.980844554221997900e-02 2.719683423741329307e+02
4.791949889513505978e-01 3.231919204204288576e+02
3.934638292909214963e-01 2.924769222107647693e+02
3.041830567840048127e-01 3.399404471862129640e+02
4.740543392125214917e-01 6.457619606791809019e+01
3.276402389500990830e-01 3.588820895687621970e+01
3.416434772555868582e-01 2.594971368331891881e+02
2.785249864976728773e-01 3.129139755651871155e+02
1.801366667574351155e-01 7.649114968553243443e+01
1.243054480174227150e-01 1.065873848913780364e+02
4.245061256781872405e-01 2.786942077196119527e-01
1.292414117834039811e-02 3.229236781742613402e+02
3.848539016182789263e-01 2.813631821388987646e+02
2.811087210862339703e-01 1.484117204623725286e+02
5.174926154102977849e-01 7.228699408743194965e+01
4.411600917350779749e-01 2.846099275928071393e+02
4.945168619720996528e-02 9.914026787791129891e+01
2.496825037600148844e-01 2.817559505830169542e+02
1.271581318541571415e-01 1.215361487636322551e+02
1.060925612819330066e-02 7.515696399246780857e+01
1.193548402591053659e-01 2.222279548973520207e+02
1.240915413938969980e-02 4.565571285681179603e+01
5.487818788386834568e-01 7.231435803039880739e+01
5.343719729832119292e-02 2.528089693639404345e+02
9.982013481366702745e-02 2.632971428662812627e+02
2.082735820281544914e-01 1.459671576081491651e+02
5.932155053536714018e-02 3.289303030483728207e+02
1.223304264064892788e-01 1.907899120756320883e+02
1.684076879180543829e-01 3.059441970908148392e+02
6.365872600986742791e-01 2.777985046052604048e+02
2.006080638193228349e-01 3.578068044293835328e+02
3.433895088813218033e-01 2.337788804502729647e+02
2.980004869343166884e-02 4.994547059425694613e+01
5.959581735701079408e-01 1.432328277664461496e+02
2.913564336375340513e-01 6.590323142975913129e+01
8.327965353537761795e-01 3.504375792774730485e+02
2.229335392298759100e-01 1.303050272723924081e+02
1.922361866122185292e-01 1.044136553057805799e+02
1.671104359921218308e-01 1.333494133013264218e+02
9.716091586974062722e-02 2.729088099668085761e+02
2.651965850361636123e-01 5.760496006439797867e+01
2.891290056516763185e-01 4.344311952327542770e+01
3.110015870565319140e-02 3.357545961417150124e+02
3.455826070269788497e-01 2.686745757811729050e+02
6.333021155129032742e-01 1.977898503493974545e+02
4.908040065293645116e-01 3.280735313038974823e+02
1.497543623777396471e-01 9.200291934836272389e+01
1.495406277865113376e-01 1.886911248099527825e+02
1.738036413231710542e-01 2.377146063072883635e+02
2.458949365207997451e-01 3.071221577812284522e+02
1.390216148582951172e-01 3.110949351736035737e+02
9.542786900096977831e-02 3.457011474068962684e+02
4.750378863706194998e-01 1.620879856493162094e+02
1.146826030238823346e-01 3.173961267248783997e+02
5.945396268022352659e-01 5.283595820796338671e+01
1.938188734090906529e-02 1.182671051701107956e+02
2.765501118349866783e-01 7.101089421819598613e+01
4.721700106108455142e-01 3.497849948065481271e+02
1.367507185104265277e-01 2.754292723074701144e+02
2.620240486274760805e-02 5.509552986411573272e+01
