2.539840138953414872e+00 3.166205771198865477e+02
2.566918797305548505e-01 2.215300513281198036e+01
3.606743763989539442e-01 5.234784910273817360e+01
9.220818807792972027e-01 8.583798472649864664e+01
2.304077746027535234e-01 3.019905143986925395e+02
7.356238944202719843e-02 3.133196390276825127e+02
4.834465782946233414e-01 4.797105898691267356e+00
1.036489961454647446e+00 2.541893112409776734e+02
1.725536322908831188e+00 1.725427294617061875e+02
5.678376799563627841e+00 2.696388985106025302e+02
2.298816895657081361e+00 2.227410428406053313e+02
1.883730011401447690e-01 1.812434576365138028e+01
1.203582535046565205e+00 1.642513468060322737e+02
4.562793334463053352e-01 2.634544125521493925e+02
9.113165010892951834e-01 2.737135849803441374e+02
4.293358955291436629e+00 2.009606920814050568e+02
5.675042243340379322e+00 1.886017083631189166e+02
3.252180118343711790e+00 3.535781789137262763e+02
7.861188836986281459e-01 2.027745512454315957e+01
3.595020768387336307e+00 1.314310965494542813e+02
2.381265213378052525e+00 1.573052539923419317e+02
2.885510940076924769e+00 8.936552287221051927e+01
1.187043005690724407e-02 3.341256969534207428e+02
2.892314018264832143e-01 2.220359843211755617e+02
4.409150134703443413e-02 2.193730200143663467e+02
1.199198727821859656e-01 2.653183498652315961e+02
5.078844030535996090e-01 3.544548165473769359e+02
1.389766112255382380e+00 2.984224209087608983e+02
2.216824588169787891e-01 1.345511638136158581e+02
1.279766053411397486e-01 1.609874378245182243e+02
3.684193505040326500e+00 2.484475486634331389e+02
1.164371454160286312e+00 1.335093432545340306e+02
2.409685527325806653e+00 1.277283371868172708e+02
2.029468067745034077e+00 2.354640054428753899e+02
1.835693350220667819e+00 2.978289390578526650e+02
2.049735570676625596e+00 1.021987078606678097e+02
7.759105426252399518e-02 1.441618617749755344e+02
8.212793643461324677e-02 1.888531795179260371e+02
2.118510687092512779e+00 2.192149685256669329e+02
5.269409066536669961e-01 1.179658650020498527e+02
6.667300686569821444e-02 2.802322886949502845e+02
4.170393833249153026e+00 2.268618309784153553e+02
1.133416863404404618e+00 3.518950925778048600e+02
2.599315254704808176e-01 1.806086997487496149e+02
1.335768937540660062e-01 3.040255334978573956e+02
4.387698665002176313e+00 2.035403170914145790e+02
7.489529500299327847e-01 9.939049496029571173e+01
8.110933081935922662e-01 8.438896352089240338e+01
1.962786790361279454e-01 1.645192699706085193e+02
6.572932992654070272e-01 2.033356978426889157e+02
1.621738893092199429e-01 2.732809599842900639e+02
2.103312520589770251e+00 7.161814962797756756e+00
9.926801889319565309e-01 3.025761549281180578e+02
9.839647071763546471e-01 1.341298563129563206e+02
3.750352647163590625e-02 2.492176017221769087e+02
8.509834885017442119e-03 2.450898111240619812e+02
3.645868470531161698e-01 1.908561369264443286e+01
4.835996622560037927e+00 9.449438061491861163e+01
1.987134662397886942e-01 1.093528728459623096e+02
2.798086659092378969e+00 1.168562664281624919e-01
1.116937665446800398e+00 1.016523799570127267e+02
8.897759464671144425e-01 2.055735261087994274e+02
1.074055692648212101e+00 8.019355214187076797e+01
8.310504711169008907e-02 8.987586254054173196e+01
2.329203774440880004e+00 8.760580489292372874e+01
4.175005176917401251e-01 2.361200682418362931e+02
2.015514265260547333e-01 3.162875739079614164e+02
1.996776057700497597e+00 2.328278747543755003e+02
2.976842586289265569e-01 7.587499300547155201e+01
9.706550788444596733e-01 2.567712567847106087e+01
6.500541446794017020e-01 1.169409801632632551e+01
1.669766757341813790e+00 8.164707286372724582e+01
4.715859495821215219e-01 2.194351168212397951e+01
2.818466821178397197e+00 3.598709183146640953e+02
1.844918955370735691e+00 1.175279254514250482e+02
3.647930378790273931e-01 3.060043477837005526e+02
1.285388942961835923e-01 2.077185125233013991e+02
1.083979881669853373e+00 7.272872480547627561e+01
3.311016358686407202e+00 3.225697253377796301e+02
1.877136452492530916e+00 1.872570142184354438e+02
1.124773039703170330e+00 2.173105207462523936e+02
3.607759048765697418e-01 1.726569946661495010e+02
2.738887956569038273e-01 1.573291725730285862e-02
3.407987907537823880e+00 8.709574989045444227e+01
1.071797917084058138e+00 1.337525559711627352e+02
4.110058065218820111e+00 6.462211427629640070e+01
1.796093806888299227e-01 2.984001027013462704e+02
1.404641810313134176e+00 2.070014174995020539e+02
1.910452820369689553e+00 4.110366097704302746e+01
3.832074722285332857e+00 1.922620084918333916e+01
1.591533407217113893e+00 2.385291635465490572e+02
4.116018352057652763e+00 1.179246949955674211e+02
9.204295872393397637e-01 2.909135413158171346e+01
8.955646308976870085e-01 1.594265101905348558e+02
3.951848586684159059e-02 1.820479160604695323e+02
1.147350374788969063e-02 8.315519785448128687e+01
1.480586125006412734e+00 1.441627190252108903e+02
5.776998562810236049e-01 2.732372196986153767e+02
1.267901260023857501e+00 1.786657470482830092e+02
2.149358486905450505e-01 8.053351158687914335e+01
9.863605655287028817e-01 1.882897815183175396e+02
1.347230592852631359e+00 3.387663458425117256e+02
1.216047564366929734e+00 8.763276494812407691e+01
2.970226994778331076e+00 2.524570494788166570e+02
1.801362543098178559e+00 3.327489981101783769e+02
5.234458146808267376e-01 2.897480727403732317e+02
1.319516361657566694e-01 2.131470976542279629e+02
1.063382908381099945e+00 1.193194830237916726e+01
1.510292081593058056e+00 2.393748373180067546e+01
2.952940547652616043e+00 2.715138174440980379e+02
2.929242519702124348e-02 1.714304161707874030e+01
2.386961379666493244e+00 2.057336434169785733e+01
1.468605281271560870e+00 9.675704229865547745e+01
1.049270928123746671e-02 6.873514903908533036e+00
2.176865048893454002e+00 2.189250965152448316e+02
4.443115704372107011e-01 1.395263376072313122e+02
1.939565642054601469e-01 7.844046001963627113e+00
1.020959875808496120e+00 1.816685228291923124e+02
1.025058800400930004e+00 3.133882636886924615e+02
4.147091362536822423e+00 2.651303478303489101e+02
1.366916851925523702e-01 1.425613970589394341e+02
2.605974344180750357e-02 1.259240844018172254e+02
4.123738409154260598e-01 4.785935955552445620e+01
2.661772432398476163e+00 7.468313150254171262e+01
2.873848355874126792e-01 1.075952482905705381e+02
2.832749135664736073e-01 2.955460278599417165e+02
9.197840797083249864e-01 2.606761594656749637e+01
4.076753130712992501e+00 2.728987520928777144e+02
1.825835980274503889e-02 2.275829825233347776e+02
7.068230621440445560e-01 6.029914038783430463e+00
5.643626727250861119e-01 2.012912499238768191e+02
4.107500976821767402e-01 3.316620870598673037e+02
4.091998441935638109e-01 3.669735906437870909e+01
9.979819065448838344e-01 1.160585598250184702e+01
2.193907369201031798e+00 2.015375926249820395e+02
2.401061692826423233e+00 2.072104085139568213e+02
6.739060696895580183e-01 2.478891837870462496e+02
3.074006061564538150e-02 1.839790661655444239e+02
2.023077298662743218e+00 1.854624570525263891e+02
5.586019095200345230e-01 2.374645324506201050e+01
8.925327667653892849e-01 2.672270045507030645e+01
1.036679094285165803e+00 1.760906403323672009e+02
7.580558295086905485e-01 2.087795516216108282e+01
1.355960984607497810e+00 3.332826639679829128e+01
3.595851313975659380e+00 8.744432671091884046e-01
1.699262575215443327e-01 3.332952279719187914e+02
7.024465438669451611e-01 3.529672654243254328e+02
5.312394706515366494e-02 3.399685709536689728e+02
1.114070753572328210e+00 3.316083993942907568e+02
2.247785988309690897e+00 3.173866085659976761e+02
2.796134037616389900e+00 2.288444291375572561e+02
1.525346802116633427e+00 2.007301956413637356e+02
8.412814874721106229e-01 1.557546472202193684e+02
1.106556418277317988e-01 2.598401309057571780e+02
4.523308842056957602e+00 2.635604326276280744e+02
2.575584245510387227e-02 1.844779641454399552e+02
1.558173345965837786e+00 2.686994618602097873e+01
2.101125027978737236e+00 2.260940739559297583e+02
6.492307870812861204e-01 1.102546221203515842e+02
1.858261334909963480e+00 1.775954867892956557e+01
4.250237843626966772e+00 5.149783392620880562e+01
1.094029895792454354e+00 3.116337405429543423e+02
7.381588927832360980e-03 3.464136774472486309e+02
1.752918379789101477e+00 3.029540899067836790e+02
5.387710098659239666e-01 2.597925035762148127e+02
1.000417849655500069e+00 3.167790470360012378e+01
1.020521947965415954e-01 9.291555632599266801e+01
3.298899022710846118e-01 1.158418487697102961e+02
5.913100248434686179e+00 7.690864865127549876e+01
5.453339492239372976e-01 1.157221125964907316e+02
3.610879852565367365e-01 2.657335678476698604e+02
1.066903946653561031e+00 1.687245862917967827e+02
4.565808828189651614e+00 1.928764702435144329e+02
1.470062564318322051e+00 9.541345562276036674e+01
1.771897311992933766e-01 2.292385704788772784e+02
3.173377666557893662e+00 2.617091188272153772e+02
2.923033607691301050e+00 7.711106952480788479e+00
4.175392881023400893e-01 2.337460894574718395e+02
4.178863983790270797e-01 2.239029339175133160e+01
5.949109546601221155e-01 2.549053910141308563e+02
1.097581973739325534e-01 1.970121789554358429e+02
1.580032572604439522e-01 1.628594975253736266e+02
9.167210846833862004e-01 2.580037361522168453e+02
1.498114453590406736e+00 1.986024485125902004e+02
2.678792220880555242e+00 1.954972702996963818e+01
2.425279419355925725e-01 2.187459436675379720e+02
5.204237350482108226e-01 1.621061580747874871e+02
5.527420904115651901e-01 1.554098908183404717e+02
3.725351688534276118e+00 7.730219788034997919e+01
2.052995055390677059e+00 3.582402152346574553e+02
4.622410744736276555e+00 2.087375588412620004e+02
4.816169824685163636e-01 2.701302547476248606e+02
9.244848016311513206e-02 1.590624281338953665e+02
4.679244086962375704e+00 1.144236725198357902e+02
3.055966920147733745e+00 8.295248364315990841e+01
3.549187243469871245e-01 2.343953071614437533e+02
9.122368044585615898e-02 3.162009825016283457e+02
1.309274791842999885e+00 8.135694914484652429e+01
3.026004909258139808e-01 1.509374128301551821e+02
2.025779669937342042e-01 6.055690291258760993e+01
6.231008712855443665e-01 1.480248849928729271e+02
1.429534724856290184e+00 7.771178299012751722e+01
2.795011175490521360e+00 1.950274206163724955e+02
2.225408125983057150e-01 1.141430854900018943e+02
1.306068162662164633e+00 6.327320659880850684e+01
1.262662383987700476e-01 2.776772461349937515e+01
2.045352995114659844e-01 4.440750048768205005e+00
5.690225081579813882e-01 2.311645375533626634e+02
5.224347963383910720e-01 3.596765548319707477e+02
1.706684338130881606e-01 2.453346084911096270e+01
2.802538435421686458e-01 3.654684449819938408e+01
2.386750177496912428e-01 3.263975009383490260e+02
4.432491239321645349e-01 2.821360296867810575e+02
1.708477797930978426e-01 2.152574440002115921e+02
1.569040327767921461e+00 1.533844858198827765e+01
3.791787159886574443e+00 2.110843493658570367e+02
1.349138627317316708e-01 2.004279574335907057e+02
3.255042850503879759e-01 1.348331200589977641e+02
3.315862371661355557e-01 1.731499061609806631e+02
1.622675703794556945e+00 2.225928064337657304e+02
2.736284772152385525e+00 1.709702404588358320e+02
3.194716615257708892e-01 6.374860011142583005e+01
1.996691685369263336e+00 5.875410560331403076e+01
7.030509020785666863e-01 7.071525782524159354e+01
5.704892882019609424e+00 1.265002404810749965e+02
4.709090381220308874e-01 1.132282351131211016e+02
1.298709770818403886e+00 3.383648161382134845e+01
4.055354016183066790e+00 3.510386113822140715e+02
1.215941678188072750e+00 2.712824678367493334e+02
7.513376168250207598e-02 8.098982803510000394e+01
9.677471510591484360e-02 2.917502321785092612e+00
1.324306781650339326e+00 2.098979468327629263e+02
5.118901340808399425e-01 1.556146435237305923e+02
1.746434507385699053e-01 2.014334195115877435e+02
2.262001719287136670e+00 3.140590810189688682e+02
1.034551675204475440e+00 2.225662830532305634e+02
1.052062378594743608e+00 2.169881257526947991e+02
7.337528392919789866e-02 2.871863966315413208e+01
3.126698718339555594e-01 3.201463869412448275e+02
2.431446494660864044e+00 7.814159079954609410e+01
6.854755564643528754e-01 3.207068080584850804e+02
3.285905866689135202e+00 2.729462604144371198e+02
4.166466991866977221e-01 3.416037568542004124e+02
1.721573065105893141e+00 3.195556124897258883e+02
4.983748732415819838e+00 1.680148945290792142e+02
9.054686492946517617e-01 3.105581298907344490e+02
2.510804471382839242e+00 3.171261041936082279e+02
2.221348350963674001e+00 2.081379664625705459e+02
1.685786033789826499e+00 2.175169321934968139e+02
1.564245326108129053e-01 1.974520582613026818e+02
4.198928399448681681e+00 3.458723219256611401e+02
7.366724328923675014e-01 1.602032213113422188e+02
8.835874673705677029e-01 2.804702660910983809e+02
1.798226128262563339e-01 8.233698473755609371e+01
1.264441364656869071e+00 1.108089852961949759e+02
9.150457327738077407e-01 2.680114220773640454e+02
2.001445875424629151e+00 1.215730118599260834e+02
9.292775145843115148e-01 3.981114687866168822e+01
2.419412068944553074e-01 3.081033171297735862e+02
7.676529240511642538e-01 2.802895222163714379e+02
2.657457850363009744e-01 6.031687372771519762e+01
1.086227263820552791e+00 1.805352712621329374e+02
2.551590148584532702e-01 2.907122515486684620e+02
1.149208031008101871e+00 2.392483503737947501e+02
8.494859181892189248e-02 2.688082522373293273e+02
5.222838234521728573e+00 2.430791699884089212e+02
4.301006584145128375e-01 2.992351925839786730e+01
2.615616827591116245e-01 1.426945817238252232e+02
2.839621195981534285e-02 4.837961731386641873e-01
3.763025272589608949e+00 1.200624291546644713e+02
2.839151050683808020e+00 9.847941925634762583e+01
8.373260715516885888e-01 2.608933261402732455e+02
4.288658776159210984e-01 3.086976675715607712e+02
1.654800809651009841e+00 3.176581626612112359e+02
3.262998481040831678e+00 1.759218030776643786e+02
1.319026818095142550e+00 2.659518147393232823e+01
2.204341179146634744e+00 2.748182640980144953e+01
1.070319252450628422e+00 1.822432485559151871e+02
2.838709038808846508e-01 1.096921982122958497e+02
5.280655423169156037e-02 1.806841128102258835e+02
1.506953435952102405e+00 5.113563998661832244e+01
2.691586428032533895e+00 2.849137443854537111e+01
3.021978842144765753e-01 1.560509039604443160e+02
4.192075547857754270e-01 2.873565850193360802e+02
7.543135339363298275e-01 2.843264576593670085e+02
8.184157090590939987e-01 2.023584549625621207e+02
9.955299252423730483e-01 3.300624450674066566e+02
2.693431089622909891e+00 3.597921451809817768e+02
6.441145798159295666e-01 1.150305808658540911e+02
1.341688690205894208e+00 3.247353354657674345e+02
6.801972770353665876e-01 2.164455566177846606e+02
7.589205077903216079e-02 4.853669686771451808e+01
5.809215488088052659e+00 1.908182215511292839e+02
2.954827973005302422e+00 5.138933668642791019e+01
5.871764607757536503e+00 3.251029714016423782e+02
1.031091144702288576e+00 2.267915364844510862e+02
1.004657222782527670e+00 2.498749200280868479e+02
1.996050776998622434e+00 2.192205255275853233e+02
3.619448855295859246e-03 1.306806069621515860e+02
2.000883526177225313e+00 2.998139778134583935e+02
2.890403596417731258e+00 2.126579389616808839e+02
1.933222267389284710e+00 1.304006432522131433e+02
2.213440504498920269e-02 4.573418911575942758e+01
1.652294648899910179e-01 1.661955703703619633e+02
5.244234035992001441e-01 2.284339760548160712e+02
1.479758333066101716e+00 2.543299773661622112e+02
6.898848187117374575e-01 6.297480333348674009e+01
8.257334046635995684e-01 3.330390256123298087e+01
1.652124259518300109e+00 1.156506248907858918e+02
2.537294226961511967e+00 3.374042012505694288e+02
1.088486326642323920e-01 1.754293825403858307e+02
9.726761654987647887e-03 1.546040972094232018e+02
5.134621511553283391e-01 2.703027903858410923e+02
4.219428028831999633e-01 3.268214965112177595e+01
3.240170664221849073e+00 1.192092338217797618e+02
4.812466052030248242e+00 3.542418019689775406e+02
1.660724300974534273e-01 8.723141947814590935e+01
1.108642554161137994e+00 1.583477440022164728e+02
5.544626151668622605e+00 2.685065542783046340e+02
3.236013656521803394e-01 2.514657339976445485e+02
1.155690825670458555e+00 2.770399991611498081e+01
1.755024447690651801e-01 2.207060433667900838e+02
7.731435103645254436e-01 1.584485981885628121e+02
1.656162428556262611e-02 1.913962598900487535e+02
5.680593344676678758e-01 2.047354492641008505e+02
1.079045302704585430e+00 1.977591372584624594e+02
1.285871366879610234e+00 9.246123529705085886e-01
3.382962918615805670e+00 2.746943693251059244e+02
1.606515447213004988e+00 3.316877358700128298e+02
8.608735235499314076e-01 2.452851398640773937e+02
3.558546218325680410e+00 2.020496249540767622e+02
2.102536648609731884e+00 1.950583716678104054e+02
2.580676159837773653e+00 2.669217903581121618e+02
5.770032307197533683e+00 8.095884304208438209e+01
1.347764826495034818e-01 7.527269124457033911e+01
4.287820810227607637e+00 8.310538533951768159e+01
8.694583547665524215e-01 2.317010670475136465e+02
2.582656185326404064e-01 2.388474042307987020e+02
1.344616685198865014e-01 2.129708048359571535e+02
2.460819422717488436e-01 9.065919926317044997e+01
2.567069977979017814e+00 9.157111371467233596e+01
1.958698493105273108e-01 1.192586053962482495e+01
4.152886084735614158e-01 1.269937629159358892e+02
8.564943250142875719e-01 2.470478207386155134e+02
2.521844821913921120e-01 2.071167965739001886e+02
1.866896072459267586e-03 2.488073547324219987e+02
1.437746937123026481e+00 2.055661235775525313e+02
1.245079188204710974e+00 2.994354448932224386e+02
7.567680924250836938e-01 2.121476663940043750e+02
2.920428964997887622e-01 2.451118656473280453e+02
1.077131980712520143e-01 4.514266350193280886e+01
5.155169918324461698e+00 1.397342593386830742e+02
5.768481224090474591e+00 2.602969493027430303e+01
2.593172035309866619e+00 1.271001917722629599e+02
2.098631689622397545e+00 1.906096912593794173e+02
1.429999770468375342e-01 3.457551332120651182e+02
4.254799516721293529e+00 2.085058026953821013e+02
5.635118411671873329e-01 3.231303652112138138e+02
3.166146961042605845e+00 1.918121774347008852e+02
9.899016896303445279e-01 2.083103948149555151e+02
3.192711417138383467e+00 2.314196257058531501e+02
3.381268545064439746e+00 7.661236361448817433e+01
1.399674817189766607e-02 1.073601615049156663e+02
9.659109582144713713e-01 1.546135591502645639e+02
7.303942741970290697e-01 1.411219468943227753e+02
2.128727618208549721e+00 3.067185473506757489e+02
1.923728308302927736e-01 1.304069352360079677e+02
4.147979737101872288e+00 2.606449900336471046e+02
7.152275606385884998e-01 2.941591645218194913e+02
4.273880737665557206e+00 3.172012395225284536e+02
1.908539953968956926e+00 1.351495443043496891e+01
1.139927437058909199e+00 1.848347261314397088e+02
2.140349119954424673e+00 1.151877271508339717e+01
1.315920420365812582e+00 5.928995432172125390e+01
2.462567148403782546e-02 2.703845401605718166e+02
5.929284932150538090e+00 1.866981570314886483e+02
9.319616440331952578e-01 1.875461319278950896e+02
1.226361337854114053e+00 2.863807993378226229e+02
4.955146797936613723e-01 2.581401319211214513e+02
1.231867073492934672e+00 1.882581241201780813e+02
1.691055672066919424e+00 1.614043336548614889e+02
1.538049640815565944e+00 1.335493392379839861e+02
1.241680637196323378e+00 2.089189108789695695e+02
8.615022878459324129e-01 2.397487799589868871e+02
2.358839901977827225e-03 3.072948538902870723e+02
1.711091453711708343e-01 3.219583651130798216e+02
1.611684953819763289e+00 1.018997427774730653e+02
2.775685356309565144e-02 1.216196697376259550e+01
8.871766738394797347e-01 2.195878566725455983e+02
5.724286198812948534e+00 2.198395819382036791e+02
5.001019754852582544e-01 2.721324696481439673e+02
4.411487809876166732e-01 1.679531850666216712e+02
2.863455995320134395e-01 3.190961037337988842e+02
1.583527230806927477e+00 1.561315454623816379e+02
3.021258585563449728e+00 1.431765448827368914e+02
2.291728402035957846e+00 8.337512950626599206e+01
4.216951735334517615e-01 2.715645505585436013e+02
1.232876703192327117e-01 2.619534175812108288e+02
1.752667540908943833e+00 3.245107178684439759e+02
5.608578029452985447e+00 2.387322454457257663e+02
3.981803568693993434e-01 3.062285188865027976e+02
8.842358050934959746e-01 1.861925284491599939e+02
1.403323296542682286e-01 1.147193794615887015e+02
7.257935305422384964e-01 2.169103013182827340e+02
3.092387635739327401e+00 1.802271984283216568e+02
2.081739275334691719e+00 2.619284102447518308e+02
4.723561567899651870e+00 4.490334095961718219e+01
3.178338062047060042e+00 9.423424267231544604e+01
6.863023139630961555e-01 6.942876522383490112e+01
4.268408097631071207e-02 5.794495261431229949e+01
9.142596498927391124e-02 2.601467627340777540e+02
3.257354094594600014e-02 3.852293711933302234e+01
1.599527678839854472e+00 3.242305951176463736e+02
2.357569814322553192e-01 2.560679238544063310e+02
9.280030422738771989e-01 2.020492659606307484e+02
2.044853422778632357e+00 1.827587698100563429e+00
1.248009203820411583e+00 3.308921280611912721e+02
8.968189955177585659e-02 7.457073465877233076e+00
2.629047031822933089e-01 1.960967100028722712e+02
6.012161466348715511e-01 2.081952903971498756e+02
2.637333004283212823e+00 2.082958873401862547e+02
6.974148218704367963e-02 1.183321693021659655e+02
1.076067212149214969e+00 1.458992716277346346e+02
5.255058696410752628e-01 2.076187336265195427e+02
2.864156372114168292e-02 5.779977452085728373e+01
4.517172708701681749e+00 3.585685814285576498e+02
2.063772619575839240e+00 7.492109935728361592e+00
1.026106468573880770e+00 1.620832407076443928e+02
4.235378889294985072e+00 1.076768065985921226e+02
1.287662128196781275e+00 2.277626141714625589e+02
4.445107051671337572e-02 3.002786073640071436e+02
2.027106311801349925e+00 6.692514527598079610e+01
5.268855000364779606e+00 2.215864123946749089e+02
3.386539340083963179e+00 1.276478862730617720e+02
9.244474669653597321e-01 1.902918370855193331e+00
8.414801624573753358e-02 1.643607921408419656e+02
2.136580940940614681e+00 1.632270764176778073e+02
6.223782759423932553e-01 2.563767196078665052e+02
3.383371568757702619e-01 1.693839697021448103e+02
2.624257890215276667e+00 3.080488964055676888e+02
4.922174731204334464e+00 2.821946947081611938e+02
2.788245780410683050e-01 1.689250940132297387e+02
2.357852371995206031e-01 2.115385149490124377e+02
2.057556277307027948e+00 3.473975009117788773e+02
6.714017232091293863e-01 1.544723980832013410e+02
2.700553039466115024e+00 2.834735890767387332e+02
3.252399538399692425e+00 3.459231535586929596e+01
4.113259098365662503e-02 2.448347417551273679e+02
1.562860601951370887e+00 2.261415195998510796e+02
3.564347387151411972e+00 2.238478402945196066e+01
5.260783437082348080e-01 2.166965455743787174e+02
1.260433726133980636e+00 2.747404364358740736e+02
2.524762922456738057e+00 7.178080266492781902e+01
5.642721535624592999e-01 1.496443186152798148e+02
1.933955757732110925e-01 2.700745910302858874e+02
9.132485220241992607e-02 1.820526896795436755e+02
4.315694824469298307e-01 3.518180275728331594e+02
2.402196742265947371e-01 1.447300143663039762e+02
1.832063116822615134e+00 1.326874616250839551e+02
1.201405062990924089e+00 7.053368761041197388e+01
3.169039833661162930e+00 1.401493954661707164e+02
2.107409688659381164e+00 1.318707509182768263e+02
3.959127237415847045e-01 3.521176887102090518e+02
1.181724993720327799e-01 3.019935056896410970e+02
2.451291608283217016e+00 3.328421569671522775e+02
3.766165853923646445e-01 2.160246850733689712e+02
1.370414447814967351e+00 1.407131019440459454e+02
1.000180313000503141e+00 1.055917410630746502e+02
7.814646615350295811e-01 1.629845964271661387e+02
2.200791204148467628e+00 1.214790437099913021e+02
9.572369035111807367e-01 2.023494627633241123e+02
1.910295062361642593e+00 8.268937517206448717e+01
3.990062064391119989e-02 2.053969693788270376e+02
2.512748210425388873e+00 3.213855200256556373e+02
1.887045027667337393e+00 3.556031806950032603e+01
4.709874710538628495e-01 4.971281171883276073e+01
1.301049230388695577e-01 2.337415979352754505e+02
7.419877937701253590e-01 7.504721890404377405e+01
4.466832752702469822e-01 2.975855455243969914e+02
2.664614193655374663e-01 3.711384484094113390e+01
3.549724786710450886e-03 1.574433354038693444e+01
3.237022342823727694e-01 1.357325162758979218e+02
2.345720317744749650e+00 3.159417776499971069e+02
7.116243349139868002e-01 2.329409334540701479e+02
3.090621421997885587e-01 6.379286504168653060e+00
3.923503796289017131e+00 6.935859652320041846e+01
8.243483321189968294e-01 1.345040179539837766e+02
3.816853854248645206e-01 2.326859130149964017e+01
1.233562351404801305e+00 1.370348905610495933e+02
2.437095724254736862e+00 1.785356051318573805e+02
1.614030934033352294e+00 7.369974808103044950e+01
5.235939171709434348e+00 2.035159031528208118e+02
1.902830044961674183e-01 3.311488544725307861e+02
8.684412240701377961e-01 2.199656976735840033e+02
8.579226872834879725e-01 2.253745637050576534e+02
2.731129166311085932e-02 8.980146729257408822e+01
2.139085273004388554e-01 2.107704623213331274e+02
1.886537568266321241e+00 2.146873931037144416e+02
2.487788695240208625e+00 2.011380214841659608e+02
9.222624406094999117e-01 2.279070200086852083e+02
3.672240016445573296e+00 1.660310218983235586e+02
3.142671058858814703e-02 1.584742647438482379e+02
1.470699032566425313e+00 6.959180897909558183e+00
1.497187769863452811e-01 1.348738707782358048e+01
4.147868865299987995e+00 3.327309526281646868e+02
3.412401802674649431e-01 2.753566710691098933e+02
2.760614905584108048e+00 7.629687899832312326e+01
5.167327715185179748e+00 2.978669291770266909e+02
6.168650931480876842e-01 2.762341888527413403e+02
1.910136088886635886e-01 1.516854039723438632e+02
2.939707040632983936e-01 6.635094109624618852e+01
1.716948404163947117e-01 1.869012656688583007e+01
1.330853632640693895e+00 1.898369015636673680e+02
6.184764382041834097e-01 3.133746628785282269e+02
2.176878812912674821e-01 3.234465096985753689e+02
4.863461168393314438e+00 2.395297164279669175e+02
2.449305380439752433e-01 2.718319847689610356e+02
5.080762290921392310e-01 1.318833395642463699e+02
4.885353451541842862e-01 2.785943634530122495e+02
9.419164743448731336e-01 1.520592900284009943e+02
9.742206507341260036e-01 2.177191512800978046e+02
5.776282309149447514e-01 2.957262210880052749e+02
1.150357987196454435e+00 7.210166358134532061e+01
4.259709751733003813e+00 2.407173237417102598e+02
3.956098777160188540e-02 1.893948144416334003e+02
3.409584566829959584e-02 1.361689931180588360e+02
2.215364289754677696e-01 2.544099846131042284e+02
1.095269399080245787e+00 1.520392293717596885e+02
1.777943864349364134e+00 2.693339031846932698e+02
1.311009418290983275e+00 2.464594642045275634e+02
2.379699853926389164e+00 2.655393405510417892e+02
6.484935395118800461e-01 1.953125854143032711e+02
2.979343229449633590e-01 2.844791435658833620e+02
5.971973917762525286e-01 1.212980614262621657e+02
1.402438157612516445e+00 1.004418795466933716e+02
8.679104310757201901e-01 2.950730473207217983e+02
3.193483558253953358e-01 1.143027387728469506e+02
4.269835380106933087e+00 1.709150298515277200e+02
1.702900610411526294e+00 3.217232416721926711e+02
2.344888790768071551e-01 9.377597414880700910e+01
1.355900407104855709e+00 1.204919914245850947e+02
7.050752371017230402e-01 2.872175675592894208e+02
3.680618570945374479e+00 1.221483353255438686e+02
2.806169341742010381e+00 4.699016749250467484e+01
3.000865011387274350e+00 1.927293060076135873e+02
7.473169681628610839e-02 2.358684514829054422e+02
2.307593869532689190e-01 6.904696684960202901e+01
4.403103030621615677e-01 3.124166399731802244e+02
1.706809495149310685e-01 9.269135023419977415e+00
1.084569000229810953e+00 2.620412988220786019e+02
1.913362693117734992e-01 8.745485749928820951e+01
3.444318802879009489e-01 2.565614812390268185e+02
2.883664203303859530e-02 1.951532477236390832e+02
1.021257526027299800e+00 1.193490733562268815e+02
6.569746630226793727e-01 1.143143141397771245e+02
2.956521571404370885e+00 1.723353905586796202e+02
4.534450580399451702e-02 4.781938457874741033e+01
2.784122121868717326e-01 1.717228074153317721e+02
1.776044810470531088e+00 2.621562068719092053e+02
2.881384202540411277e-01 3.263706560441580251e+01
2.725820794694278071e-02 3.112407954428782091e+02
1.282501440422323391e-01 1.851391542949762936e+02
3.135365704300390632e+00 3.535308847802303944e+02
1.885366540885081488e+00 3.576973440352513194e+02
1.320366868438864527e+00 1.352362312650986098e+02
9.464725383255379043e-03 1.626963383873243743e+02
4.098699550416848858e-01 1.881198725055610623e+02
6.070575557087674046e-01 2.301000691670126059e+02
1.293149837883688091e+00 3.615682433359751968e+01
1.840917596929208200e+00 3.397592146814849912e+02
3.022990925584455812e+00 1.085447451840414885e+02
8.571500189858427543e-01 1.503351092504847202e+02
5.921497021387287507e-01 1.911670737256782502e+02
6.476514319802872954e-02 2.481316075171143893e+02
1.887901404180649667e-01 2.804808224424023138e+02
1.700210794508972612e+00 2.764790723834623236e+02
1.991017265695014249e-01 2.312013690845158749e+02
3.812598848718207201e-02 3.396042369014006681e+02
3.185580824637150421e+00 1.960459859842187029e+02
4.761047503453186280e-02 5.937216537642270708e+01
5.622520927544440994e-01 2.726511355761668938e+02
2.336605446043102940e-01 3.318522699766112538e+01
1.350425491235096587e-01 2.463121046087619561e+02
1.910809702755966732e-02 2.078356326350410939e+02
4.238790524418158956e-01 9.534935295234302544e+01
8.012556527776393267e-02 5.707634303091672479e+01
1.235729195222035059e-01 1.736300539803508229e+02
2.059814174848553225e+00 1.768469853137489167e+02
8.958692349890544637e-01 5.719795633144464375e-01
1.068317141395619840e+00 2.333821814909432817e+02
3.022212246804332203e-01 2.466560598982226509e+02
3.205628142424767901e-01 2.630239163666522728e+01
2.883411480679951566e-01 1.119643148757655098e+02
3.114344542416906947e-01 3.004924751530260778e+02
3.317363509889583728e-01 2.758501227587744324e+02
1.666969124934750468e+00 2.064861721726325356e+02
7.737622421337138068e-01 2.967815190692539886e+02
1.144477246908639501e-01 2.291920212509200780e+02
1.218828177010309988e+00 2.116299612945364288e+02
6.551231716245855541e-01 2.241059249624699135e+02
1.863682031492224889e+00 9.131096655516497407e+00
5.121282280756518368e-01 2.103845524536824598e+02
9.017911867796590819e-01 2.906621297815761409e+02
5.202388603794243505e-01 4.625296800124017693e+01
1.130285987075314802e+00 8.919633805170064988e+00
8.490253071503783833e-01 6.174373311148273480e+00
7.628974119500009365e-02 1.631841423517775809e+02
1.392117134075897322e+00 2.008977080409636642e+02
3.428621001125518042e-01 2.760357857722051449e+02
1.341051248548368546e+00 2.243326427689844706e+02
2.855771397977673320e-01 1.842256900612329105e+02
1.281907455188413314e+00 2.774558123228191562e+02
4.355850810391825867e-01 2.779421189654487421e+02
2.527605011469324925e-01 4.822347711021650696e+01
1.262601941544583273e+00 8.752941933352778037e+00
2.201670737478853113e+00 3.079364878636561116e+02
2.440443204902109642e-01 1.114405059211449469e+02
4.365951415982409323e+00 2.108696161461356553e+02
6.538378262382296136e-01 1.842351860776068122e+02
2.369961567905529254e+00 2.611355518507819511e+02
2.876352405782852895e+00 9.221517652570825874e+01
6.972693237584934867e-01 2.188809867749124294e+02
4.809008292574654675e+00 1.379978960533983638e+02
1.886097415816272438e-01 2.728485739658584635e+02
4.705511286360664069e-01 3.223721893878477545e+02
5.438172510304162266e-02 8.336063843308366472e+01
2.903836516772828169e+00 5.881308638526454757e+01
2.529149965427044400e-01 1.968752231597330820e+02
1.188119013469901564e+00 2.558158516445055852e+02
3.576639690305345454e-01 1.376276588172835034e+02
1.116428181448836154e+00 3.317634054115794129e+02
2.559460727643072531e+00 5.202420991959168362e+01
2.840948415872551980e+00 2.025069424505082054e+02
1.252702842070491540e+00 2.392794660825760786e+02
3.097886400323939249e-01 2.465765540888918395e+02
5.148410429631264051e+00 3.196196126825472561e+02
4.277688659105822744e-01 5.411492170463281326e+01
7.531702770438959416e-01 3.290260432282995566e+02
5.701924376946485573e-01 2.969420403415425902e+00
1.075980276809280767e-01 1.740571615732824000e+02
1.625260364167526728e+00 1.263226768703108149e+01
2.231337144833764441e+00 1.882310432287808908e+02
2.617696313430279531e+00 8.538546182684223140e+01
4.047982355689874190e-01 2.305315920251450450e+02
1.074075890520709287e-02 1.918377561244432172e+01
5.451188232146808588e-02 7.899479022232721093e+01
3.335559328028425696e-02 2.974385343412453722e+02
2.571540006771542153e-01 2.530859719151843024e+02
1.274023624183775460e-01 2.328889386947579681e+02
1.293403125993231040e-01 3.582901444766694112e+02
1.861430760034490373e-01 3.239855278539495771e+02
9.795982653375983062e-01 9.249792402041663308e+01
4.865598104838293469e-01 1.103918956870473806e+02
8.679609880799825650e-01 7.401210899066762749e+01
2.237027519601564318e+00 3.130792978218362776e+01
2.002149173754320444e+00 2.898360165070727135e+02
5.773854177912398633e-01 6.328084460376857834e+01
3.788311636780305136e+00 1.755750514210855329e+02
3.504803982801980133e+00 3.394873001022878043e+02
2.432507918833057836e-01 1.777634058870592924e+02
1.689691664194768350e+00 2.697119030425837991e+02
1.553670076449237492e+00 2.317973515755693086e+02
8.134424175872156937e-02 1.838357189166686823e+01
3.196117778247509200e-02 1.140682938507610089e+02
5.069551438454876546e+00 9.230667511344595511e+00
1.647008063616269835e+00 4.743230843823010190e+01
1.826425603938368836e+00 1.158183288462487468e+02
2.856576828941932877e+00 2.100116420612247907e+02
1.343844966993346102e-01 2.551173583789992563e+02
3.064056459616490979e-01 4.107986563632987043e+01
2.338637395687566123e-01 3.437589775151974436e+02
4.692980182264916422e-01 2.980415912573268997e+02
3.122331581995956284e-01 2.683633223998735957e+02
2.076797906007576966e+00 3.472333728211662560e+02
1.645649479135204984e+00 2.228219431605508873e+02
9.791355970399344688e-01 2.697671204197680481e+02
5.632500595641065644e-01 2.139587552823805652e+02
1.684337656576193609e-01 1.735108922800239952e+02
4.993247951344987889e+00 7.847704499246052023e+01
1.464673920038718657e+00 1.674248526025219803e+02
4.049441642914586303e-01 3.542146300892217710e+02
1.332860897125334176e-01 6.532311497039172821e+01
1.955639708653176712e+00 8.029879105934529804e+00
2.237527095484170836e+00 3.067387388388509066e+02
1.076737655567987728e+00 2.421832322309648475e+02
6.306957555593741827e-01 2.642048195918829379e+02
3.075931327593685261e+00 2.110482874297725076e+01
9.667398190124614210e-01 2.148740115254644820e+02
1.629468308025199264e+00 3.513297940676415010e+01
9.921137399657564693e-02 2.411727299274181391e+01
6.406524008578102780e-01 1.544106218920063043e+02
6.250053940031652377e-01 1.217601315541120783e+02
2.619255563803100539e+00 2.027422256973049173e+02
1.258802361103306122e-01 4.514889972011002506e+00
1.207741232010713928e+00 1.762204810784623135e+02
6.447705142321356053e-01 3.329075312493542924e+02
1.632597627836806842e+00 1.100632598665542972e+01
8.606657540688722463e-02 8.242246272954387720e+00
8.226207973399888296e-01 3.165629943336736574e+02
3.878572239052747506e+00 1.721452696173358987e+01
8.953993977197263199e-01 3.493641284125195625e+02
3.481173380630116831e+00 2.814070003736981107e+01
5.012719332268638084e+00 3.261692537395073259e+02
1.998656490917174455e-01 3.115284432150489238e+02
2.324380338039608418e+00 1.059171894313097226e+02
9.821396569871452265e-01 2.583483060300011758e+01
1.289978092257303866e+00 5.031783960932392574e+01
6.475624860405004846e-01 3.585728129972988540e+02
1.621587038057915597e+00 2.114536789559626584e+02
2.749921701447615163e-01 2.471343681866240161e+02
2.049332333334207945e+00 2.707187841493605447e+02
1.434507822287138579e+00 2.534783433249205302e+02
4.106087762675654229e-01 2.100228878772927601e+02
6.359927526853961233e-01 8.815443851179273338e+01
1.100423426651080394e-01 6.462754061464249844e+01
1.732733652039722516e+00 1.458044175649497731e-01
1.835632948998997538e-01 3.161969850714797303e+02
5.765495789977004293e-02 3.319750931649096515e+02
2.742991175993678254e+00 7.741784955456883210e+01
4.812021698778323753e-02 3.094563783980940457e+02
4.931130017818774469e-02 2.343085922917312018e+02
4.718826972623928917e+00 1.221118471201640290e+02
1.412207326145997532e+00 2.857069117399406650e+02
5.766496373643925644e-01 2.684172527393137671e+02
1.337008055982822130e+00 1.580352464416412772e+02
1.172856680292162501e-01 8.851124418874486821e+01
3.952541478251005547e+00 2.152455053215290093e+02
4.438784907521932332e+00 3.073708167854188105e+02
1.086926917436459306e-01 7.638714954794717471e+01
2.776543247063925968e+00 2.300349703629506735e+02
1.365086600075213763e-01 6.548131477166825221e+01
1.567233649079302182e+00 2.762329022656071515e+02
2.494760669907983619e+00 1.594705817284016405e+02
8.696571681503417750e-02 3.302128517295562915e+02
1.944027007249075512e+00 1.903686572872489364e+02
1.464424047039820653e-01 2.850771002344450835e+02
1.745487602619690604e+00 7.122920819427558570e+01
5.701408967378647219e-01 2.302113153819765898e+02
6.288505739177523424e-01 3.552080175045904298e+02
2.482486578051064097e-01 1.801422679206758062e+02
4.809562556573554470e-01 2.280398720455391128e+02
1.643906025924853909e+00 1.881607528588107812e+02
4.154928904755070818e+00 7.620286469210121538e+01
9.193970154845352294e-01 2.653086667193842345e+02
1.104762104495439212e+00 1.079784088881507245e+02
1.588603730449829277e+00 2.898562307669927236e+02
5.221086876928628939e-01 3.194605718796510132e+02
5.145150333496593120e+00 1.327511697579532779e+01
3.819102905870511044e+00 3.311193538264755603e+02
2.296466425584517079e+00 1.711887651477459826e+02
7.895491227938955525e-02 9.807940042722142948e+01
3.318404517718183122e+00 1.609918010830230912e+02
1.910681756666829934e-01 7.607963740494216154e+01
9.732011211197004741e-01 2.681685619362262969e+02
2.080059288716907595e+00 2.155216259515687796e+02
2.011037454617122577e+00 1.065351757189149566e+02
3.404309586382354702e-01 1.640934525883317292e+02
8.939573142675321105e-01 2.544065580773460908e+02
6.896093690560576306e-01 3.294688110674936183e+02
3.752177382960852903e-01 2.099500558352146697e+02
3.298860818985382970e-02 1.902303152136618110e+02
4.946380142719089434e+00 3.208671832500916707e+02
1.953446578418562840e+00 1.408678620778946566e+01
3.271151899682632092e+00 2.131012787662441497e+02
5.853026534922907143e-01 1.762449335261998442e+02
4.047406577749170786e+00 1.421162508975332059e+02
9.593663083559389460e-01 3.349860080153811168e+02
1.210881307180213806e-01 2.645088368079307202e+02
2.077538618495795575e-01 1.399114700947231427e+02
3.298502299335228649e-01 3.250853529553473322e+02
9.471354753719209985e-01 2.335345916248341496e+02
2.606636688442567351e+00 2.634524001492785601e+02
9.903464564590724883e-02 3.422859884218986508e+02
3.535956684564451891e-01 8.680963645467888057e+01
2.130633416161620275e-01 3.269972426273077986e+02
5.616886533818297167e-01 2.862794390879656135e+02
4.565029945542029566e+00 2.497453116920100342e+02
1.503518059930209594e+00 2.243831330525222256e+02
3.851811633192376849e-01 3.079882328499174946e+02
4.539245672916849550e-01 3.383663376565410772e+02
1.849072420903731473e+00 1.461033907390281570e+02
7.170171909469642557e-01 3.308089664558418690e+02
8.607726157739570283e-02 3.457412931780840495e+02
5.123107136671523065e-02 2.737320855087507709e+01
4.575594034157799417e-01 3.170475130950247689e+00
1.650276862692083846e-01 3.316973725571141927e+02
3.367210177711076113e+00 6.740925703131591717e+01
1.613886709355876192e-01 1.571671535557439086e+02
5.622308036824981148e-01 6.787229927042800171e+01
1.132651385194170857e+00 1.765549600806874366e+02
2.473682720685395076e+00 1.429318404120957666e+02
3.420898264001344113e-01 3.136158922684752497e+02
1.555002621152490327e-01 4.867219787190769154e+01
2.206548786327890976e-01 8.018712260260009828e+01
5.985440203880521004e-02 2.675646860619713721e+02
1.389351218681724731e-01 1.053830137847892132e+02
9.321026776853007512e-01 3.179032107676779333e+02
1.893842386897489183e+00 1.344387129633052780e+02
6.546595760293656419e-01 2.659556946073969286e+01
6.775749434589619646e-01 3.376183407828559666e+02
1.554509268201205829e+00 2.130711253057303907e+02
2.720295155820421584e+00 2.557405665897108804e+02
6.025168204203075195e-01 2.499949750747941266e+02
2.865385940892282157e-01 1.113997493567001982e+02
1.942321760410614662e-01 2.254062311184466125e+02
8.083802297973459172e-01 7.208936045573038598e+01
4.536810187547124507e-02 3.470608028882559779e+02
2.918550668515365043e-01 2.343581219560741857e+01
2.846022055580075261e-01 1.103012086790557760e+02
2.824019235840982134e+00 1.553842254841128181e+02
4.979019054013560819e+00 7.609150205905318387e+01
4.289247485450035313e+00 2.945417394108979465e+02
1.138496796282892243e+00 5.874149556116987014e+01
4.494512629329383557e-01 2.199998272426074664e+02
5.134408168717127019e+00 4.378452938151896490e+01
2.026628516007828118e+00 5.255435492808140907e+01
6.127469261463791561e-02 3.500665470822822556e+01
4.538802320980213079e-01 3.374180662507191073e+02
6.571269396992129863e-02 2.742592020735293659e+02
1.365308667339553583e+00 1.211489150571187778e-01
2.634989917382408731e-01 1.243247963593240542e+02
1.049753417934744526e-01 2.790707206167240173e+01
2.594748570682412048e+00 2.690318293801308513e+01
4.141247910351589567e+00 9.859882249964688583e+01
1.221370690625414035e-01 3.268932582561409959e+02
5.511744217038028193e-01 6.722972476645814766e+01
4.758746216512843574e-02 1.284455921159994602e+02
1.221481509884758454e+00 5.014681459561754195e+01
1.518501751688177803e+00 2.661930012447080003e+02
5.624115361491812681e-01 4.589539392805004780e+01
1.239102012306192435e+00 1.658829215550796903e+02
1.133013820992725407e-01 2.151475121463124367e+02
1.472074669771712196e+00 2.519220883146177314e+01
1.387871459989505452e+00 2.514023978577612013e+02
2.244008142905868919e-01 3.487568498105111985e+02
3.666152474917421245e-01 1.773475135103518596e+02
2.739011935915895091e+00 3.255293362039951717e+02
1.933547088801887970e-01 2.572177703919593341e+02
9.740337537500696197e-01 2.584009072168041143e+02
3.504572885024644258e+00 3.062006835222588279e+02
9.085189572433516325e-02 2.508426322373103403e+02
1.866320420793852186e+00 2.777673023217983541e+02
2.084883154898728996e-01 3.369306520131281673e+02
4.965618875163468893e-02 1.460274996623828869e+01
1.892455917565601275e+00 3.142564972125084068e+02
7.460343287042103810e-02 3.186618690697343936e+02
1.787716803475376093e+00 1.086421999332184498e+02
1.362408033664763263e+00 3.493336653335555297e+02
2.303643823613428232e-01 1.121897610320879863e+02
2.870951496687575766e+00 3.435262513758179352e+02
2.065175396254097073e+00 1.093844779297738512e+02
4.042920673811423171e-02 2.649273328422536338e+02
4.767863641508063299e-01 2.477337940483690772e+02
3.864236632025841445e-03 3.034568353975041077e+02
4.273475493421305949e-01 3.387273669386786992e+02
5.547269348138518907e+00 1.972769861443360924e+02
5.490232939928967326e-01 3.446361936052396118e+02
1.192422428089115805e+00 3.116880757015418908e+02
3.331070915224456641e+00 7.555597790772928590e+01
3.003546694486223245e-01 2.516682902780536324e+01
3.131303343731974387e+00 2.408581614479147959e+02
1.272847001799047195e+00 3.354211788449775895e+02
4.880767160118426595e-02 9.103747168512747123e+01
2.339743835347647849e+00 1.211881801992042398e+02
2.762797438735501654e+00 1.110894074339542783e+02
1.928529009731768884e+00 1.837127779388395652e+02
5.958117486579594946e-02 2.228361700244037991e+02
1.968851995733389870e+00 2.267416828007922049e+02
5.294375609294343921e-01 3.072724130974824561e+02
1.086163273053570189e+00 1.604812618230799899e+02
3.497120663723751299e+00 1.227316746577210864e+02
2.673386350163786673e-03 1.822294649968012834e+02
1.254780988085926641e+00 2.907434896955209069e+02
4.420863345913183196e+00 9.241666838713547349e+01
4.423118593259942166e+00 2.164840954297216626e+02
1.327940221935271392e+00 4.618978929462645056e+01
9.971600330231500386e-02 2.488293931036942297e+00
1.157776077773831069e-02 2.139341136359345086e+00
1.301864382594322356e+00 1.228456187153614962e+02
2.125891598465816656e-01 3.368294748373252787e+02
4.640070224303194379e-02 5.900989101742592879e+01
4.214568409549317440e-01 2.257627993519022311e+02
2.319965060267377144e-01 2.875360462315936729e+02
1.685104218415203414e+00 1.076547813118486800e+02
1.090405704196525605e+00 3.080957076622756290e+02
8.992052592577994830e-01 1.109086000493585971e+02
1.032250860588788122e-01 9.846312711470608292e+01
1.816836449868195480e-01 3.080898167347168624e+02
6.072141176358480941e-02 3.897037887167230252e+01
8.684560286460023537e-01 2.249960609440704502e+02
8.246956369202163017e-01 2.876741671636800106e+02
4.068090491536269226e+00 3.922342653706183313e+01
2.841687894022753458e+00 2.987939127587396229e+02
2.037701037524999315e-01 2.963114702203502588e+02
3.473614788659304953e-01 2.413003746083783199e+02
2.709434937000030352e-01 2.010224804439657191e+02
1.067664293358580041e+00 4.813891234431407185e+01
1.121293769514364325e-01 7.091771087257832562e+01
5.241216515189113245e-01 2.791347678316231509e+02
8.448113392167344582e-01 1.649340233747034858e+02
4.872326472914405571e-01 2.513710262044268973e+02
1.531525918758200877e-01 2.892741485221484936e+02
2.877559077456841585e+00 3.240331753321336237e+02
8.470803954592904805e-01 1.900537013854880684e+02
5.564050867588621330e-01 3.033939252803339173e+02
4.803549065562316756e+00 2.628171519071358375e+02
2.897545627195539097e-01 2.699839619661273105e+02
2.143200690506493089e+00 3.485550737223294959e+02
1.254915893083051293e+00 1.134103124704388108e+02
4.460066355067582311e-01 1.542783702906055225e+02
9.842445511287836180e-01 2.528285947407099741e+02
6.240572113222175865e-02 3.334390379035764340e+02
8.957592371161742228e-01 3.092876522986440477e+02
2.653494919820074571e+00 2.776168234545015601e+00
2.449718369105597926e-01 2.158577150986104698e+02
1.474592106296923610e-02 3.348300845670372041e+02
2.327542216969546995e-01 3.373685102843466552e+02
1.402900299158400754e+00 1.413424079740320849e+02
1.011122639073936735e+00 2.999620726008983524e+02
1.533233981735704354e-02 8.955330754434046980e+01
2.044096856509480808e-02 2.564002010228384734e+02
3.908717882865475612e-01 2.970615980810939050e+01
3.441743915440469426e-01 3.295115543152210194e+02
3.528354326878098135e+00 1.714314242420196592e+02
1.640420074889578528e+00 1.292130541306860607e+02
2.519151917000168606e+00 2.558137111226258753e+02
5.750154563445981637e-01 2.942226507642155866e+02
1.677123086799180873e+00 9.252803095392899024e+01
1.413543057199164288e+00 1.180392067057368521e+01
9.384977797419025158e-02 2.571707935957113591e+02
1.237971618719918121e+00 2.677293303846589083e+02
1.553280740959889439e+00 3.495584019523508346e+02
2.284738158660404306e-01 7.687485752905122638e+01
1.813268750235013105e-01 1.984847514581570920e+02
1.593157522894734557e+00 2.016253529704077607e+02
6.068948019793591886e-01 6.627977760545577723e+01
9.479226075525095663e-01 2.660162753547039571e+01
4.181419708432736471e+00 3.437088744629476196e+02
2.878976309393599387e-01 4.166308579188375916e+01
2.382004883427260467e+00 3.156032704147831396e+02
4.603284421065279020e-01 1.521057313509300570e+02
3.975144550794432075e+00 3.517738122465030983e+02
1.890279876387821689e+00 2.592376612598391148e+02
7.423590951621639178e-02 8.479683283746071254e+01
7.523053912590242920e-01 2.406445073995260771e+02
7.616877826493282377e-01 1.765383287054439165e+01
1.115965053762050241e+00 3.370357451168423779e+01
1.495664957755335811e+00 7.341121221922558959e+01
3.993333751274503740e-01 1.701586474391585853e+02
1.713411402820534946e-01 1.353167794455787885e+02
4.350983223326665872e+00 2.620946494528339343e+01
3.765439327519581880e-01 8.789531992405972005e+01
8.375237992381272534e-01 2.449286996024928840e+02
4.198674475733521483e-01 2.753131537335767689e+02
1.275208839869330646e-01 3.369311613197582460e+02
2.171010870988457242e+00 2.556317992867374755e+02
8.460976934022632623e-01 2.609843694925447721e+02
2.101247400797383591e-01 2.007506990691593387e+02
1.071229623443975099e+00 1.918272502950249248e+02
5.110081887651872101e+00 1.324061700012420886e+02
3.604692137471271707e+00 2.832004895840571521e+02
1.196088547250697909e+00 1.767134182210643871e+02
3.540665984724418180e-01 2.284152159255037873e+02
1.864839053862266560e+00 6.046563608323252481e+01
2.248283220883336764e+00 2.698308523340239731e+02
5.244384226714013941e-01 9.006718842122802471e+01
2.454574222562741603e+00 5.154081444118545363e+01
5.873961211749551659e+00 2.655380672999958165e+02
1.978546798149851238e+00 2.534732407726996541e+02
9.038358591660395902e-01 3.394659745203681211e+01
1.392213745127955704e+00 3.599096157091073565e+02
3.060673691857099143e+00 6.331733037295904154e+01
4.546255417282036859e-01 1.768373384712639051e+02
5.823858144173235551e+00 2.982703640306170314e+02
8.710362940475793181e-01 1.435844779075645761e+02
3.259114012575972552e+00 2.723142598422741116e+02
1.216135295285788676e+00 1.798038570501221045e+02
1.711422474087931356e-01 3.046315387246456226e+02
3.337833958217062413e-01 8.413232881750147385e+01
1.845060188148068825e-01 3.554617897675942686e+02
1.752123207031583974e-01 2.018478285517803101e+02
1.854267984836820427e+00 2.732935745228529072e+02
2.728458316716937393e-01 2.559315426357111107e+02
9.128138459956613993e-02 6.751070214565879724e+01
4.125728769598659973e-01 2.059341597159443324e+02
1.043098507132677932e+00 1.850778650679817474e+02
1.619727135456408007e-01 7.321533650162179185e+01
1.129702515707220023e+00 2.923618138043673298e+02
2.646878556789060699e-01 3.505038083865431986e+02
9.835979420468170531e-01 2.064811235482101210e+02
4.252438793577990594e-01 2.029519090299478421e+02
3.546160741303934216e+00 1.406710649588242745e+02
1.322487029555925453e+00 1.967334321211852171e+02
1.068212671838402850e+00 3.014927547441418483e+02
6.735729693406249385e-01 1.275048211609316340e+01
1.302805506157501014e+00 3.352318472215914085e+02
8.807183237365423523e-02 1.341458477220648717e+02
2.846061081458119979e+00 7.716259915567897565e+01
9.943240024414534695e-02 6.683625818162948207e+00
2.509757462201211986e-02 1.603980248824355215e+02
1.727855279936330035e-02 4.770648755161334265e+01
9.584304296478185492e-02 7.065988551886390745e+00
1.632538999982946493e+00 3.539551324219675053e+02
1.493549484256611048e-01 1.770088612383375164e+02
1.890383975445523612e+00 4.292882432374787527e+01
3.880573452183259331e+00 2.229134345424170363e+02
5.931203245142389058e-01 2.315576933261065449e+02
1.487455445091247608e+00 2.369429854907470201e+02
2.023792230779428714e-01 1.885308959213229798e+02
7.980912350455870996e-01 1.930806115446764863e+02
5.354444078113251848e-02 1.394980667763694449e+01
3.067502999322440971e+00 1.318071815333920256e+02
2.138152819446829334e+00 2.437715619049805298e+02
1.276656185600187676e+00 2.030122954646099345e+02
1.839772762359752623e-01 1.112535897068094926e+02
3.472990835317004699e-01 2.893777830356728487e+02
1.461648675722119872e+00 8.331167247552949107e+01
1.843675126050287494e+00 2.310759447481467532e+02
2.215608405050762286e+00 2.969023541587603177e+02
1.481299488324989699e-01 1.499442472101486601e+01
4.218837305890077438e-01 2.712004468030650628e+01
1.285500795126026663e-01 3.218907161162858301e+02
2.555392321908125375e-01 2.811812147805483164e+02
2.936577919583974072e+00 3.045359618567653115e+02
5.800797973115912054e-01 3.389787489921860697e+02
4.006884517919040434e-01 9.900635220154600802e+01
5.784576640489520472e-01 2.135326073574099581e+01
1.868264452889918603e+00 1.616188064528532209e+02
7.783051590000600317e-01 1.315895560582315795e+02
7.500116017444724559e-01 2.746248364535472888e+02
5.316205183393556410e-01 2.659183233312499510e+02
6.532232430965561054e-01 2.854960038651447007e+02
3.255567215427569661e+00 8.706170515406510901e+01
2.001665916533508227e-01 4.450988413377365305e+01
1.053266920565254505e-01 2.816434440012219653e+01
1.907360529832158313e-02 3.353099832150386419e+02
3.957073182849449644e+00 6.437971650997457118e+01
4.609982808277153232e+00 2.370067097483144494e+02
1.098377149587227652e+00 2.865334153128699199e+02
4.889741218105174703e-01 3.934461924119148080e-01
1.779214566967532773e+00 3.245556655643634372e+02
1.436551338637446218e-01 2.864138092916310256e+02
7.480897246505995302e-01 7.947800967038986641e+01
1.793717366103660726e+00 1.074191721132990978e+02
1.523818240543488356e+00 1.603427762998961157e+02
1.820268839748135914e-01 3.029661347959844306e+02
2.117566779554497458e+00 2.954076144616660144e+02
1.141204491829304057e-01 3.104106737663177000e+02
2.027734848591586925e+00 2.319318526329045653e+02
5.164772777800378911e+00 1.734268769451124967e+02
1.713989647996922994e+00 9.194871831397995265e+01
4.816689888980012491e-01 2.329371277902093311e+02
5.093059419968171131e-01 2.613817659886622096e+02
5.444555937007615753e-01 2.620425046664910838e+02
1.583888325965965294e-01 2.694850683401734841e+02
4.999310500621030329e+00 2.667129177469713568e+02
4.351056143048304570e+00 1.871124176078771768e+02
8.050894260389405144e-01 3.575868446896859041e+02
1.354593963967609449e+00 8.601045764602983468e+01
1.508902502820259395e+00 3.581516335799606736e+02
2.736188359546556370e+00 3.434674873520428946e+02
5.394627456268654697e-01 1.711785041000393619e+02
4.178536662155607484e-01 2.321075845918012135e+02
2.019042898723684587e+00 2.440197356161297080e+02
3.716798523745294069e+00 9.408689028848620239e+00
5.413752666718190554e+00 2.388409085017046039e+02
2.740157033000700793e-02 1.430183779784314879e+02
1.377328470883943279e+00 6.651856101742131955e+01
1.407554130846033758e-01 3.612973392418674479e+01
1.463483716367066645e-01 2.429108290182227279e+02
1.285214078718546649e+00 7.195872594159294522e+01
2.033737065613281825e+00 3.422216572226296307e+02
2.068658578378093083e+00 1.480456888224432248e+02
3.660713093619576419e-01 3.280108467558861207e+02
1.819205600043864779e+00 2.178639177490933321e+02
2.091777902955265667e+00 2.383353473791777617e+02
4.474618685654640160e+00 6.311417924362302756e+01
2.629640047399945058e+00 1.159521010112209041e+02
5.406960479665072761e-01 4.097919172718816583e+01
2.790488742783483467e-01 2.385815288845917621e+02
1.011025652211182457e+00 2.828360869359785852e+02
1.038866207991325563e+00 1.391051785000751551e+01
1.662043452395119525e+00 1.174774589473287278e+02
1.619155251451221744e+00 2.187889546036087154e+02
1.527438443513415622e+00 4.350075909551804898e+00
1.551483998614760829e+00 5.671573750089428501e+01
1.200723183066345623e-01 2.453843439786816703e+02
2.898814675457146883e+00 1.413641674218306719e+02
1.527197134712552362e-01 6.176102860058962918e-01
1.518333842629705943e+00 7.666603082812223136e+01
1.083526759279897833e+00 1.614274404714388425e+02
1.597319131222448840e+00 2.898802623690232849e+02
1.437536743585778209e+00 1.505779349629924297e+02
4.056809076034918249e+00 2.113396273359300892e+02
8.583571057381975677e-01 1.823168859703809233e+02
3.581712115654726247e+00 3.586184688936533007e+02
5.634934368790278647e-01 5.556194484541619261e+01
5.035077508738863727e+00 8.746869229640600452e+01
1.844717857780009407e-01 2.679633832109542624e+01
8.550517861781721241e-01 2.354228240335345390e+00
1.305367681041549988e+00 1.814924166766745373e+02
1.355673286339641459e+00 3.168103303608323245e+02
4.456237256473652764e+00 1.948502036349170794e+02
4.641879148618437867e+00 1.298981412515599914e+02
2.087400342196587655e+00 2.457435723790107147e+02
1.455991914420865285e+00 4.389324959057331199e+01
1.268779544283508809e+00 6.239959619557897952e+01
4.150120019866221366e-01 3.323640644628003997e+02
2.189543470334247566e-01 2.169785004560260333e+01
2.455998633074448101e+00 1.802127353773458083e+02
3.104316625522336892e+00 9.187487856790947660e+01
5.983165484860821781e-01 1.723286572620615971e+02
2.254263183178656593e+00 1.618917998644251668e+02
2.571840211826758704e+00 1.929157814559507358e+02
3.369313972204657226e-02 2.008377371308607735e+02
3.000703258223703429e+00 3.543756071303908470e+02
2.544221492453750955e-01 3.204762333293155621e+02
3.772560523558916579e+00 2.458104876543346791e+02
1.861548682468771698e+00 2.184680894198297949e+02
6.263708677727497509e-02 3.235880940889757653e+02
9.654769763380799397e-02 3.422171967877250722e+02
3.550324086405767687e+00 1.284220606215387477e+02
3.001086209944079375e-01 9.140167745114489151e+01
3.302834805536407625e-01 2.641554229249957189e+02
4.886825604665467893e-03 2.785805864048894591e+02
5.285831690217499546e-01 1.667377067980379763e+02
2.416523943900031668e+00 3.075034538637351211e+00
2.051594234098015335e-01 6.995272742247129472e+00
8.113024203350176489e-01 1.825093042371280205e+02
5.252353428110598799e-01 1.806915988860457958e+02
9.397589010666611564e-01 2.937756623074988056e+02
5.356906340489855367e-01 3.455563968932627290e+02
7.284909477283021406e-01 7.682938176656485041e+01
2.615487538745560059e-01 7.020484186281894523e-01
9.940591232308868541e-01 3.570186183768478259e+02
2.279242870793125597e-01 3.371367881985007102e+02
5.573268664547554874e-01 2.616843372794818379e+02
6.444890567620924493e-01 3.218154161215773001e+02
5.680320404296428372e-01 9.983186165693018665e+01
6.916100351933753831e-01 1.734884624943411211e+02
1.784728201912848977e+00 3.122216950179868036e+02
5.371655755183157410e+00 3.117673582969356971e+02
6.694096623847978211e-01 1.389709844705864725e+02
2.909223212447711315e-01 6.209122603269641871e+01
1.246721304519674334e+00 2.199929537752269653e+02
9.805432378003060556e-01 2.976632111131709557e+00
5.509359438597871694e-01 1.459284674582412435e+02
2.390793092850342028e+00 2.244819487927650812e+02
3.193535140274568196e-01 1.788116025719059365e+01
2.307998599826914798e-01 2.879532079964369586e+02
2.664085052064151249e-01 2.599264932131421801e+02
6.075904688147493182e-02 2.405637259537215868e+02
1.307404245198817039e+00 3.492779923183881010e+02
6.978363830609790597e-04 2.251918008270004350e+02
1.439951959104539547e-01 9.150412919554021585e+00
4.664952600912020131e+00 3.197163502066977685e+02
5.327257165909014880e+00 1.521872347664214260e+02
2.348234547496651281e+00 1.294529350778068419e+02
1.577072596594226939e+00 5.209864050614997666e+01
1.762051473471950569e+00 2.061974689830613556e+02
2.718518032170154086e-01 3.138618993975902640e+02
3.598076078037992787e-01 3.475370248046075403e+02
1.696479368658621034e-02 2.584871630932510698e+02
2.934509255907473690e-01 1.631476448453106514e+02
1.223221033739501307e+00 3.544712997792143483e+01
7.659892256128930654e-02 1.871982534952824437e+02
9.007934194084730173e-01 3.022592006463889334e+02
2.698306274653028414e-01 5.260268438287245552e+00
1.254482404792407468e-01 3.082832770263262319e+02
5.793771265953029825e+00 2.328631808519483286e+02
2.943020085280247944e+00 2.415484891455573973e+02
2.270419676067936710e+00 2.095967275124125706e+02
8.467343086993648349e-01 3.257844025980792821e+02
8.288938643829948383e-01 1.555342195787408173e+02
4.458476963649589564e+00 1.452660624792295323e+02
1.554296078762444688e+00 1.160076175440818673e+02
1.383334897971079780e+00 1.974390439565730446e+02
1.809493156884995901e-01 2.233533760538359445e+02
3.369006163915013730e-01 1.695952866047977636e+02
3.100307154334679183e+00 8.699977423011882038e+00
2.094128826554316980e+00 2.233148751356356740e+02
5.416410250054854103e+00 1.682106380539422616e+02
2.817269960349664260e-01 1.824953290247457574e+02
5.608499987139698995e-01 2.625728066272302499e+02
9.420572109562233010e-01 1.883973798325426685e+02
5.070297006648829541e-01 1.448888929510345065e+02
1.008856371160526955e-02 7.956013353423533374e+01
1.581559049870715494e-01 2.639746206815493679e+02
8.789185948939270965e-02 2.615153965567648129e+02
1.798309026326447402e+00 2.240618018022794047e+02
5.138603196289537323e-02 2.676083691426479163e+02
1.644480196985609100e+00 1.644433675798946126e+02
4.210575803792027116e+00 7.012746727026386573e+00
4.462675592159304205e-01 1.576804741020031884e+02
2.517250824578456392e-01 9.100930219867825599e+01
1.242805510902859067e+00 2.445975380423787726e+02
9.822914852033080013e-01 2.322145658349184600e+02
4.573577698981281525e-01 1.954931840178776667e+02
3.936348695012116039e+00 1.478376267848526595e+02
1.627017135032470252e+00 1.492120452651550977e+02
2.587828525709634508e-01 1.572530078612525983e+02
1.032328772533339434e+00 6.069709406857876388e+01
3.236135435427036633e-01 1.651680699342368825e+02
1.261825688839501858e-01 1.730697069453509869e+02
2.157799290036899187e-01 3.446258139054263552e+02
1.057850430398992181e-01 2.612125639802953287e+02
3.466155504135093324e-02 2.233110339426297912e+02
1.401684708742913621e+00 1.301182222843780210e+02
4.727916498850946780e+00 5.849863780389403800e+00
2.391352806183313362e+00 3.718753809168266855e+01
5.440278746044018732e+00 3.381374229268448630e+02
3.090011358570256661e+00 2.179892389130923789e+02
1.675615271882090251e+00 7.597141692869122664e+01
5.182791676499745037e-01 2.064401414558841452e+02
1.571460574134013521e+00 3.373479209427568435e+02
1.836614939366380872e+00 3.456360295716209521e+02
1.128901704533222139e+00 2.133797081618496065e+02
2.159466634880611302e-01 1.953080514791547841e+02
3.774078938228182523e+00 2.368935531636512906e+02
1.913644590000318502e-03 1.402629460449308567e+02
3.358771243724147926e-01 7.622030094673718281e+01
2.459782642408860021e+00 1.949142382319058697e+02
8.495061070045084595e-01 6.941291912104253470e+01
8.229498567848858581e-01 1.194959688644386944e+02
3.203649510834909897e+00 3.097868454495322226e+02
8.253801121009520791e-01 2.973290123452296712e+02
5.823704063185830559e-01 2.902943779843130869e+02
3.669963040341188254e+00 3.284728234679808452e+02
1.846203320277913118e+00 3.306316147823781648e+02
4.147238258562635504e-01 3.998791325824532095e+01
3.357518258709522918e+00 1.734518026393958792e+02
1.279642893149000926e+00 3.244796239233810411e+02
1.967356256093789835e+00 1.796491623175140973e+01
2.275424284028614519e+00 2.356051578212470474e+02
4.033902438742102969e-01 1.797432123856504518e+02
2.606884359980656374e+00 2.784039596515984840e+02
4.968900961271510042e+00 3.513584596177291530e+01
3.325935546565921719e+00 2.325284618421075891e+02
6.537897517542246018e-01 9.446208766405842994e+01
1.913835584371958110e+00 1.688827917059692538e+02
2.194543501450563205e-02 1.953734651364389094e+02
1.229799480773091647e+00 1.207987248052958620e+02
1.103765546317120982e+00 2.648763076543070270e+02
3.813132252250057697e-01 1.582673678364863861e+02
1.465788645460459838e+00 2.461602582808931743e+02
5.371500921076851398e+00 2.435313969339167670e+02
2.814311804788221405e+00 1.479108665943248297e+02
4.203141490039331352e+00 2.132220166992619426e+01
6.501121425723233038e-02 6.436795129511030389e+00
1.590313218558574437e-01 1.699002876066944054e+02
1.435507526540602541e-01 3.453585047449996068e+02
1.962195439178480605e+00 2.113857730358041351e+02
1.656230200838324285e+00 1.905412108692277116e+02
5.203336393416739369e+00 8.909230124956862085e+01
3.845408766550847623e+00 1.710872300528452286e+02
3.615315004567725143e+00 9.651149381493563340e+01
2.323191599088818560e-01 3.005551272615161338e+02
5.787435686318185279e-01 2.497097746729262155e+02
1.717771042932905168e-01 8.837747489049935723e+01
2.136940493651718675e+00 3.525534151135474303e+01
5.149039758624811558e-01 2.529984070998279435e+02
1.352982612410750463e+00 1.810568632995510825e+02
1.958772208882543442e+00 1.744100790293488217e+02
3.433343313042792389e+00 9.084065427964200978e+01
2.998988388303591712e-01 2.796063956557717916e+02
7.435539430585873522e-01 1.293628453161987011e+02
5.017528501592982693e-03 4.743141522444520319e+01
6.724688746209963597e-01 2.824424506834265003e+02
2.223724957336810526e+00 3.394865280810453783e+02
3.899007191993590915e-01 1.598950196380343698e+02
2.228224090658126766e+00 5.827792251432158110e+01
1.667415030114087537e+00 2.438743319702097949e+02
3.886596485122077560e+00 2.034214285097237109e+02
3.487762110851755359e-01 7.244555515728472983e+01
1.488425011807438469e+00 1.389001722311946310e+02
2.140049385931284576e+00 6.496397981130694177e+01
1.625812264715581268e+00 2.518606141263334450e+02
2.108665721185561281e+00 3.228082211940921411e+02
2.720708011175900776e-01 8.046306534746739203e+01
2.807292747149718881e-01 2.145116779384723884e+02
3.477244676777132781e+00 1.656950528485040763e+02
4.554432106400938540e-01 2.127638007242040032e+02
9.218374078683313488e-01 1.139299674970546405e+01
8.470054735823353553e-01 8.474486839519009607e+01
5.559894282138888144e+00 3.845934677736673279e+01
3.158757316582268881e+00 2.916932344859532691e+02
1.781841110272636364e+00 1.972547222438620196e+01
1.701713449291798685e+00 2.768335812333081094e+02
3.061737618430024455e+00 3.446247967233032909e+02
1.209573847763001364e-01 8.627322181180932148e+01
2.601347757739658206e-02 7.321462189745855653e+01
4.343394158789780413e+00 2.463923068220248922e+02
5.218745577220167409e-01 4.109199495706074856e+01
2.225157263397090190e+00 1.214988860597605651e+02
1.619928162348873713e-01 1.185914171299027515e+02
1.916141433396323368e-01 8.250626090858489192e+00
4.325530677324455731e+00 2.757828520466600253e+02
4.885823967960074121e+00 6.201462802311346678e+01
5.972162595773486959e-01 3.219250009024566452e+02
1.003404489780823861e+00 1.046823067508490723e+01
4.623404611192660774e-02 1.858799735649342608e+02
3.304702690020859812e-01 8.013764093407466760e+01
4.394586214602642649e-01 1.334385293091298479e+02
3.684078753603079459e-01 1.686203499907128389e+02
1.987026004614755870e-02 1.459811230011098075e+02
4.352302452855100867e+00 2.780260942276063929e+02
1.056832961835920237e+00 2.139956946245854112e+02
1.952533659001840505e-01 2.800331963108184823e+02
7.843652734647721392e-01 1.455593487995281237e+02
8.521392038073012376e-01 7.104470866469172563e+01
5.148295814536882453e+00 2.154446409062789201e+02
3.100098184869896745e+00 1.606079084737658604e+02
2.437529081122271180e+00 1.158425975500703373e+02
3.252196981486183969e-01 3.081962740840922947e+02
2.162018254635019510e+00 3.791656408633072317e+01
2.197081567194588914e+00 3.404337048153654450e+02
4.444368506158404841e-01 1.845929433001586801e+02
1.585251369612517003e-01 1.846911097179913384e+02
3.062681754075737395e+00 1.091136405429053440e+02
1.398824073336416118e+00 7.054945866036463897e+00
1.606152254948478575e-01 2.543869577349464066e+02
2.126901348297025596e-01 4.191421843859377816e+01
2.308060607828621436e-01 1.099408843772265527e+02
2.343280020663451868e-01 3.068051165397939144e+02
9.140133287272591556e-01 1.842541472592582465e+02
3.750448003950057618e-02 1.860932820230702021e+02
1.360663265845449832e-01 3.444347468805104313e+02
4.219149985057288887e-01 2.437897179739826470e+02
8.884814531511446845e-01 1.400985901095591544e+02
2.688725965987155408e-01 3.059768225481905688e+02
9.880258815483382584e-01 4.343927098575396428e+01
5.712766577127719181e-01 1.592112020913691879e+02
1.375787421299483171e+00 3.593540701461340063e+02
6.669333996019326527e-01 2.171922729428204661e+02
1.900457377454704000e+00 1.141738818771884070e+02
6.650462270100458984e-01 1.290185140250608242e+01
6.234611378189260922e-01 1.679730789881859891e+02
7.631701138191471223e-02 2.660513790643065590e+02
5.252063955293664321e+00 1.783097880187236228e+02
3.164105213734104360e+00 9.372119625173709778e+01
1.299116842499166813e+00 1.165774225098535481e+02
2.289827130512803954e+00 2.461179831898757584e+02
7.466520630485060650e-01 2.808224430165562922e+02
4.221791922477187597e+00 2.836083713398427903e+02
5.614983121649114395e+00 2.600570219598825616e+00
1.023453183193738791e-01 3.008027220741231531e+02
1.859192259109228029e-01 1.535538867041768754e+02
1.327695304141076615e-01 3.096605541204642122e+02
8.626621697216130258e-02 2.041796356952282565e+02
8.887762832795504941e-01 3.514229628819390427e+02
1.105501283268189194e+00 3.011929823207039476e+02
3.756580349868721136e-01 1.461402623200054052e+02
3.329591803364133185e+00 2.346687139622649454e+02
2.293799927497375268e-01 3.019090964154460153e+02
5.196296135782683123e-01 2.211352782783824864e+02
1.927460878979350589e+00 4.865434266733917923e+01
2.276177963307013385e-01 6.357982600356351810e+01
8.058652988586161303e-01 2.425141083126192143e+02
1.455476551968345911e+00 2.490763648701085913e+02
3.961968563375522390e+00 2.396049711709182759e+02
1.193480195700732605e+00 2.391764920674681605e+02
2.650680735790355236e+00 2.310557318139962604e+02
6.581449720112257928e-01 2.755348360832577441e+02
2.107057576051568848e+00 2.325157726643028866e+02
5.690271940215978486e-01 2.963008501408695849e+01
1.566429018008479446e+00 2.221815594524085498e+02
6.608620805016391930e-01 3.538785328215191157e+02
6.169639504064257096e-01 3.973738495395888037e+01
3.986192854825376664e-02 1.188478767572538146e+02
1.726887743014042798e+00 3.303865487979053341e+02
6.450291632197147074e-01 1.717406441397841945e+02
1.465495944851936461e+00 1.432550564399232940e+02
3.282890085456946938e+00 1.160543779254619494e+02
5.270200610041377853e-01 2.919061648651091332e+02
3.463102082171201079e-01 3.330840629171053706e+02
5.989465890695435668e-01 2.091666480715697105e+02
5.227213757528694771e-01 1.575358935308022978e+02
3.872828082296240204e-01 2.684117387247227953e+02
1.373528680369817678e-02 1.837203251991343791e+02
5.839245948853453161e-01 7.813461105265650986e+01
1.016766051103545898e-02 2.578416428802124756e+02
1.696663490170411404e+00 7.934422917728237223e+01
7.605799643586628189e-01 3.235834666979384338e+02
7.111631210820061888e-01 2.067392622554796731e+02
5.650476592815856236e-02 3.239662858323255250e+02
3.037844924394754731e-01 2.891541782061027561e+02
9.949363131828770079e-02 2.242263523131769603e+02
9.183987004554627909e-02 2.941786940416325251e+02
1.817497000430672749e+00 6.050587802619688915e+01
7.096106446544476754e-01 3.555929871814013836e+02
7.366997720430801255e-01 1.836236253597618884e+02
2.038322275463058109e+00 1.916125509453391658e+02
1.156775769300323109e+00 1.608837663786078735e+02
2.844569660691811386e-01 1.762456334870194326e+02
2.815403368954041419e-01 3.020067248474402390e+02
2.044347018889900447e+00 1.669699722224779634e+02
2.063649477086143769e+00 3.468300565292037732e+02
1.944198701179409960e+00 1.796093573838700479e+02
5.930557362964654189e+00 1.289574513562770619e+02
1.714604750394067123e+00 3.237467991238393097e+02
1.658124178204857468e+00 1.017391777434358602e+02
2.048988019820936035e+00 3.392587316152270205e+02
3.023593244944009495e-01 3.028841267285563958e+02
4.794930165707453895e+00 3.254305772347196779e+01
4.517418731008413069e+00 1.533119036657214274e+01
6.316002469442241196e-01 1.198483867083349708e+02
2.864061978521014851e+00 1.715548664378903254e+02
9.865925644094253322e-01 7.817599590904430329e+01
7.519292882917789633e-01 3.405227944186110562e+02
9.152302504135745309e-02 1.864519550282055320e+02
9.598980167688928589e-01 3.069441280284461300e+02
2.700543639811843200e-01 2.462523487518728018e+02
8.915964404250829034e-01 1.144284463610450473e+02
2.879572244393266978e-01 1.751360351077499047e+02
2.064230800426809509e-01 5.900326388883642892e+01
8.239458749954282624e-01 3.487391360405813998e+02
1.756259281172596554e+00 2.883368172071953950e+02
1.672719976035064393e+00 1.959095197076651971e+02
1.085130862932450757e+00 2.549731004698738559e+02
2.392693469380148485e+00 1.619565326646966525e+02
5.446805573406801049e-01 2.804427328865883737e+02
1.027259890559446553e-01 1.955208854098839311e+02
1.486394813881822596e+00 2.386815828447581112e+02
8.782086075386523749e-01 1.678762243318572871e+02
1.069950576402534104e-02 2.549024964767198043e+01
4.692509155801949383e-01 1.697751161928699730e+02
3.763063083135860243e-01 4.764118190028307254e+01
1.091384780617304928e+00 2.342439600009215042e+02
6.659452520819961752e-01 2.762245245625352368e+02
4.185180341038979179e+00 2.046205094341661379e+02
1.528355941606093005e+00 1.136230673139304344e+02
4.795123466074143970e+00 3.445261395340476724e+02
2.662677423546792710e+00 1.908062845498181446e+02
1.168515273847978264e+00 2.217594062654321760e+02
2.410246655193619247e+00 3.363003521615042928e+02
3.254484726440813880e-01 1.006966445444578966e+02
2.984490718883339166e-01 8.502407223250595791e+01
9.582480957767836038e-02 1.485780410497188768e+02
1.143733462620727614e+00 1.156973687851954224e+02
1.557384994629951169e-01 5.384994877768483690e+01
2.621988768380481893e+00 2.072161409732462403e+02
8.013319916233840878e-01 5.404762833932932331e+00
6.987969501607138589e-02 3.359014910666798528e+02
2.254681292921776325e-01 1.021994223068933962e+02
3.629392568503354788e+00 1.826336953202192319e+02
8.892472559619755135e-01 3.705899007473452400e+01
6.147937824958666919e-01 5.668155298650916762e+01
3.329188399188676151e-01 3.472616147615281079e+01
7.009843716815566950e-02 1.511777352691631791e+02
5.055395123698299464e+00 2.103683422792222188e+02
5.187307495009003677e-01 2.218113469925542347e+02
7.322990096299526463e-01 1.220057442445051379e+02
1.272515094335601171e+00 1.619222973118016284e+01
3.370099706251497018e-01 2.647054329697470507e+02
4.922452986973535616e-01 3.737240088397144611e+00
1.322767066426374649e+00 2.822593307189921461e+02
3.392540640908487948e-01 2.388478718998738373e+02
1.147115971426961867e-01 7.534692293169423749e+01
3.276898804776218199e-01 3.288465365740210018e+02
1.845359744276493963e+00 2.228244192721040520e+02
3.427968247881584940e+00 9.438186268747665508e+01
7.368190846501636582e-01 9.279709504231883344e+00
7.281472734796139434e-01 6.651072571261686939e+00
6.081240170464938810e-01 2.607114445904296645e+02
